0.08 0.002273
0.15 0.004545
0.16 0.006818
0.17 0.009091
0.18 0.011364
0.19 0.013636
0.19 0.015909
0.23 0.018182
0.23 0.020455
0.24 0.022727
0.26 0.025
0.27 0.027273
0.3 0.029545
0.33 0.031818
0.34 0.034091
0.34 0.036364
0.37 0.038636
0.41 0.040909
0.46 0.043182
0.46 0.045455
0.48 0.047727
0.5 0.05
0.5 0.052273
0.5 0.054545
0.5 0.056818
0.56 0.059091
0.56 0.061364
0.57 0.063636
0.57 0.065909
0.58 0.068182
0.58 0.070455
0.58 0.072727
0.6 0.075
0.62 0.077273
0.62 0.079545
0.62 0.081818
0.62 0.084091
0.62 0.086364
0.63 0.088636
0.64 0.090909
0.64 0.093182
0.65 0.095455
0.65 0.097727
0.66 0.1
0.66 0.102273
0.68 0.104545
0.68 0.106818
0.68 0.109091
0.69 0.111364
0.69 0.113636
0.69 0.115909
0.7 0.118182
0.72 0.120455
0.72 0.122727
0.72 0.125
0.73 0.127273
0.73 0.129545
0.74 0.131818
0.74 0.134091
0.74 0.136364
0.75 0.138636
0.75 0.140909
0.76 0.143182
0.77 0.145455
0.77 0.147727
0.77 0.15
0.77 0.152273
0.79 0.154545
0.8 0.156818
0.81 0.159091
0.82 0.161364
0.82 0.163636
0.83 0.165909
0.83 0.168182
0.84 0.170455
0.84 0.172727
0.85 0.175
0.85 0.177273
0.85 0.179545
0.85 0.181818
0.86 0.184091
0.86 0.186364
0.87 0.188636
0.88 0.190909
0.88 0.193182
0.89 0.195455
0.89 0.197727
0.9 0.2
0.9 0.202273
0.9 0.204545
0.9 0.206818
0.9 0.209091
0.91 0.211364
0.92 0.213636
0.92 0.215909
0.92 0.218182
0.92 0.220455
0.93 0.222727
0.93 0.225
0.94 0.227273
0.94 0.229545
0.95 0.231818
0.95 0.234091
0.95 0.236364
0.96 0.238636
0.96 0.240909
0.96 0.243182
0.96 0.245455
0.97 0.247727
0.97 0.25
0.97 0.252273
0.98 0.254545
0.98 0.256818
0.99 0.259091
0.99 0.261364
0.99 0.263636
0.99 0.265909
1.0 0.268182
1.0 0.270455
1.0 0.272727
1.0 0.275
1.0 0.277273
1.01 0.279545
1.01 0.281818
1.01 0.284091
1.01 0.286364
1.02 0.288636
1.02 0.290909
1.02 0.293182
1.03 0.295455
1.04 0.297727
1.04 0.3
1.04 0.302273
1.05 0.304545
1.05 0.306818
1.05 0.309091
1.06 0.311364
1.06 0.313636
1.07 0.315909
1.07 0.318182
1.08 0.320455
1.08 0.322727
1.08 0.325
1.1 0.327273
1.1 0.329545
1.1 0.331818
1.12 0.334091
1.13 0.336364
1.13 0.338636
1.13 0.340909
1.14 0.343182
1.14 0.345455
1.14 0.347727
1.14 0.35
1.14 0.352273
1.14 0.354545
1.14 0.356818
1.15 0.359091
1.16 0.361364
1.16 0.363636
1.16 0.365909
1.17 0.368182
1.17 0.370455
1.17 0.372727
1.18 0.375
1.18 0.377273
1.18 0.379545
1.18 0.381818
1.19 0.384091
1.19 0.386364
1.2 0.388636
1.2 0.390909
1.2 0.393182
1.2 0.395455
1.21 0.397727
1.21 0.4
1.21 0.402273
1.21 0.404545
1.22 0.406818
1.22 0.409091
1.22 0.411364
1.23 0.413636
1.23 0.415909
1.23 0.418182
1.23 0.420455
1.24 0.422727
1.24 0.425
1.25 0.427273
1.25 0.429545
1.26 0.431818
1.26 0.434091
1.26 0.436364
1.27 0.438636
1.27 0.440909
1.27 0.443182
1.28 0.445455
1.28 0.447727
1.28 0.45
1.28 0.452273
1.29 0.454545
1.3 0.456818
1.3 0.459091
1.3 0.461364
1.31 0.463636
1.31 0.465909
1.31 0.468182
1.31 0.470455
1.32 0.472727
1.34 0.475
1.34 0.477273
1.34 0.479545
1.35 0.481818
1.35 0.484091
1.35 0.486364
1.36 0.488636
1.37 0.490909
1.38 0.493182
1.38 0.495455
1.38 0.497727
1.38 0.5
1.39 0.502273
1.39 0.504545
1.39 0.506818
1.41 0.509091
1.42 0.511364
1.42 0.513636
1.42 0.515909
1.42 0.518182
1.42 0.520455
1.44 0.522727
1.44 0.525
1.44 0.527273
1.45 0.529545
1.45 0.531818
1.45 0.534091
1.46 0.536364
1.46 0.538636
1.46 0.540909
1.46 0.543182
1.47 0.545455
1.47 0.547727
1.47 0.55
1.47 0.552273
1.47 0.554545
1.48 0.556818
1.48 0.559091
1.48 0.561364
1.49 0.563636
1.49 0.565909
1.49 0.568182
1.49 0.570455
1.49 0.572727
1.49 0.575
1.5 0.577273
1.5 0.579545
1.51 0.581818
1.51 0.584091
1.52 0.586364
1.52 0.588636
1.53 0.590909
1.53 0.593182
1.53 0.595455
1.53 0.597727
1.53 0.6
1.54 0.602273
1.54 0.604545
1.54 0.606818
1.55 0.609091
1.56 0.611364
1.56 0.613636
1.56 0.615909
1.57 0.618182
1.57 0.620455
1.58 0.622727
1.58 0.625
1.59 0.627273
1.59 0.629545
1.6 0.631818
1.6 0.634091
1.6 0.636364
1.61 0.638636
1.61 0.640909
1.61 0.643182
1.62 0.645455
1.63 0.647727
1.63 0.65
1.63 0.652273
1.63 0.654545
1.64 0.656818
1.64 0.659091
1.66 0.661364
1.66 0.663636
1.67 0.665909
1.68 0.668182
1.68 0.670455
1.68 0.672727
1.68 0.675
1.69 0.677273
1.69 0.679545
1.7 0.681818
1.71 0.684091
1.71 0.686364
1.72 0.688636
1.72 0.690909
1.73 0.693182
1.75 0.695455
1.75 0.697727
1.77 0.7
1.77 0.702273
1.78 0.704545
1.78 0.706818
1.78 0.709091
1.78 0.711364
1.79 0.713636
1.79 0.715909
1.8 0.718182
1.8 0.720455
1.8 0.722727
1.8 0.725
1.81 0.727273
1.81 0.729545
1.82 0.731818
1.83 0.734091
1.84 0.736364
1.84 0.738636
1.84 0.740909
1.84 0.743182
1.84 0.745455
1.85 0.747727
1.85 0.75
1.85 0.752273
1.86 0.754545
1.86 0.756818
1.86 0.759091
1.86 0.761364
1.86 0.763636
1.87 0.765909
1.87 0.768182
1.88 0.770455
1.88 0.772727
1.89 0.775
1.89 0.777273
1.89 0.779545
1.89 0.781818
1.89 0.784091
1.89 0.786364
1.91 0.788636
1.91 0.790909
1.92 0.793182
1.93 0.795455
1.96 0.797727
1.96 0.8
1.96 0.802273
1.97 0.804545
1.98 0.806818
1.98 0.809091
1.99 0.811364
1.99 0.813636
2.0 0.815909
2.0 0.818182
2.0 0.820455
2.02 0.822727
2.02 0.825
2.02 0.827273
2.03 0.829545
2.03 0.831818
2.04 0.834091
2.05 0.836364
2.07 0.838636
2.08 0.840909
2.08 0.843182
2.09 0.845455
2.1 0.847727
2.1 0.85
2.11 0.852273
2.11 0.854545
2.11 0.856818
2.12 0.859091
2.14 0.861364
2.14 0.863636
2.16 0.865909
2.18 0.868182
2.2 0.870455
2.29 0.872727
2.32 0.875
2.33 0.877273
2.33 0.879545
2.34 0.881818
2.35 0.884091
2.35 0.886364
2.35 0.888636
2.37 0.890909
2.38 0.893182
2.39 0.895455
2.39 0.897727
2.42 0.9
2.43 0.902273
2.43 0.904545
2.44 0.906818
2.45 0.909091
2.45 0.911364
2.47 0.913636
2.47 0.915909
2.51 0.918182
2.51 0.920455
2.54 0.922727
2.55 0.925
2.56 0.927273
2.56 0.929545
2.56 0.931818
2.61 0.934091
2.61 0.936364
2.62 0.938636
2.63 0.940909
2.64 0.943182
2.64 0.945455
2.64 0.947727
2.67 0.95
2.69 0.952273
2.69 0.954545
2.71 0.956818
2.73 0.959091
2.75 0.961364
2.76 0.963636
2.79 0.965909
2.8 0.968182
2.82 0.970455
2.82 0.972727
2.82 0.975
2.94 0.977273
2.94 0.979545
2.97 0.981818
2.97 0.984091
2.98 0.986364
3.03 0.988636
3.04 0.990909
3.06 0.993182
3.17 0.995455
3.17 0.997727
4.14 1.0
