1.0 6.0534090909090965 0.17347582172876144
2.0 6.0534090909090965 0.17347582172876144
3.0 6.0534090909090965 0.17347582172876144
4.0 6.0534090909090965 0.17347582172876144
5.0 6.0534090909090965 0.17347582172876144
6.0 6.04054545454546 0.17318840092937607
7.0 6.022227272727277 0.17279014399138184
8.0 5.932363636363641 0.1713427832013901
9.0 5.82904545454546 0.17029628237463384
10.0 5.683931818181822 0.16587584662189225
11.0 5.519818181818188 0.16214298759764773
12.0 5.39395454545455 0.16005197130461607
13.0 5.274090909090914 0.15448864519824876
14.0 5.1488409090909135 0.14925275883313796
15.0 5.056750000000005 0.1483530138068156
16.0 4.9436590909090965 0.1441419887576774
17.0 4.831409090909096 0.13842983221385866
18.0 4.764795454545457 0.1354369363805601
19.0 4.72168181818182 0.13334756610343262
20.0 4.612500000000002 0.12661991496849934
21.0 4.567159090909092 0.12473062538927836
22.0 4.514386363636364 0.12596519840411802
23.0 4.434363636363637 0.12476461107215488
24.0 4.387977272727273 0.123502009257985
25.0 4.320295454545454 0.12184506241549695
26.0 4.255249999999998 0.12129878223994334
27.0 4.18881818181818 0.12093825424785645
28.0 4.128295454545452 0.11944298016514533
29.0 4.0786363636363605 0.11652437970957283
30.0 3.999204545454543 0.11644794305746871
31.0 3.94072727272727 0.11423793191767741
32.0 3.913159090909087 0.11310140882552319
33.0 3.8489090909090873 0.11109290753892048
34.0 3.7879772727272694 0.10929004163734121
35.0 3.72688636363636 0.10853456248365174
36.0 3.68804545454545 0.10775586711947847
37.0 3.6294999999999953 0.10659166871513047
38.0 3.5988863636363595 0.10486798227899377
39.0 3.5842727272727233 0.10449346279437856
40.0 3.5479318181818145 0.1022101454129577
41.0 3.505090909090905 0.1010568654234547
42.0 3.4845227272727244 0.1008178726827401
43.0 3.453477272727269 0.09974186851714277
44.0 3.4257954545454505 0.09926147328846761
45.0 3.389772727272724 0.09871655346214758
46.0 3.338022727272724 0.09844083099659777
47.0 3.301818181818178 0.09835521572967934
48.0 3.272159090909087 0.09864435988268098
49.0 3.2464772727272693 0.09794976835845075
50.0 3.218590909090906 0.09562735854950116
51.0 3.185136363636361 0.09519542039524038
52.0 3.1504090909090885 0.0960392322727024
53.0 3.116681818181815 0.09562805240141782
54.0 3.0917272727272693 0.09443948371346288
55.0 3.0613863636363603 0.09339119423896726
56.0 3.0262045454545423 0.09286415013439726
57.0 3.019113636363633 0.09335517539769661
58.0 2.9877499999999966 0.0931616371389676
59.0 2.9366590909090884 0.09222657293044104
60.0 2.91056818181818 0.09239307051296727
61.0 2.884090909090907 0.09270371914682199
62.0 2.8637727272727256 0.09353283261128563
63.0 2.83231818181818 0.09443684505982103
64.0 2.8099999999999983 0.0958419993047139
65.0 2.7902272727272703 0.09472952469419438
66.0 2.7722954545454526 0.0946139385951091
67.0 2.7538409090909073 0.0947040926706404
68.0 2.7379090909090906 0.09500187457332814
69.0 2.6975681818181827 0.09590480118629584
70.0 2.6708863636363644 0.09456270290545676
71.0 2.644795454545455 0.0936385754757584
72.0 2.6417954545454547 0.09346069892414079
73.0 2.6167045454545463 0.093308430528938
74.0 2.6029090909090917 0.09326084041262746
75.0 2.573977272727274 0.0932744421098633
76.0 2.554931818181819 0.09322357907066628
77.0 2.536386363636365 0.0920225759414784
78.0 2.5131363636363644 0.09277130221878548
79.0 2.4979545454545464 0.09120716911604677
80.0 2.482431818181819 0.08961345474945102
81.0 2.46375 0.08993876633052227
82.0 2.4448409090909093 0.08975795456008441
83.0 2.4248636363636367 0.0893138487374803
84.0 2.401772727272727 0.088254390090368
85.0 2.388590909090909 0.08773298817076904
86.0 2.3749999999999996 0.08796028876500527
87.0 2.355613636363636 0.08828927035566209
88.0 2.3409318181818186 0.08841321268690265
89.0 2.3295227272727277 0.08882987657885168
90.0 2.3202954545454553 0.08908874652980191
91.0 2.3145681818181827 0.08865494993315683
92.0 2.309477272727274 0.08818855245217785
93.0 2.295045454545455 0.08789326473080944
94.0 2.2780227272727274 0.08716393324397306
95.0 2.2726363636363636 0.08724884028962913
96.0 2.262818181818182 0.08627502842782749
97.0 2.2555454545454547 0.0867862971975714
98.0 2.243227272727273 0.08625402887180741
99.0 2.2425681818181817 0.08576410453268743
100.0 2.222386363636363 0.08589048709152869
101.0 2.216431818181818 0.08551337183260044
