1.0 6.038636363636358 0.17338144725910187
2.0 6.038636363636358 0.17338144725910187
3.0 6.038636363636358 0.17338144725910187
4.0 6.038636363636358 0.17338144725910187
5.0 6.038636363636358 0.17338144725910187
6.0 6.038636363636358 0.17338144725910187
7.0 6.038636363636358 0.17338144725910187
8.0 6.020227272727266 0.17244238890530442
9.0 5.910386363636357 0.1689202401361396
10.0 5.648136363636356 0.15846974406117675
11.0 5.287249999999995 0.13930542859123193
12.0 5.092840909090903 0.1280579779123053
13.0 4.9311363636363605 0.1150921420804937
14.0 4.79222727272727 0.10582943438663446
15.0 4.638159090909089 0.09756015236238096
16.0 4.526045454545453 0.0911605814542049
17.0 4.482204545454545 0.09155955434617621
18.0 4.4283636363636365 0.09277360371462524
19.0 4.329022727272728 0.09028319073802168
20.0 4.264818181818184 0.0923926024392788
21.0 4.224204545454547 0.09406937875242423
22.0 4.1594772727272735 0.09500345864058679
23.0 4.05465909090909 0.09692477989143422
24.0 3.979204545454545 0.09639581396183426
25.0 3.861636363636363 0.09555348851114627
26.0 3.7688863636363634 0.09538795779803279
27.0 3.6215227272727266 0.09301478565935356
28.0 3.4940681818181822 0.08982393851969012
29.0 3.369386363636365 0.08670762045393417
30.0 3.288681818181819 0.0825909865539399
31.0 3.1903181818181836 0.07941431879721679
32.0 3.1438181818181827 0.07620606974244666
33.0 3.091227272727273 0.07226487369905914
34.0 3.036818181818183 0.06910397024920777
35.0 2.9774772727272736 0.0639590670804464
36.0 2.928068181818181 0.0599197407544315
37.0 2.866477272727272 0.055380349142534674
38.0 2.8230227272727277 0.051089554051056155
39.0 2.7973636363636363 0.050313084114442866
40.0 2.759409090909091 0.04871267824564885
41.0 2.7407500000000007 0.047573740956485686
42.0 2.7296590909090916 0.047839141219232564
43.0 2.707500000000001 0.046788284219317834
44.0 2.6910681818181827 0.04532087514956349
45.0 2.6810909090909107 0.045545854983011065
46.0 2.651250000000001 0.04571612287470172
47.0 2.6465000000000005 0.04567066981046455
48.0 2.623522727272728 0.04701336619951781
49.0 2.599659090909092 0.04775190666614905
50.0 2.5858181818181833 0.04752549973596352
51.0 2.551522727272728 0.04762972733537519
52.0 2.5175227272727274 0.04957036028658406
53.0 2.478772727272727 0.05069298026849886
54.0 2.4516363636363634 0.05116833570903084
55.0 2.416068181818181 0.05181739900089796
56.0 2.403318181818181 0.052752316897404596
57.0 2.3632727272727267 0.05254412827313851
58.0 2.3230227272727264 0.05295322558553496
59.0 2.297772727272726 0.05313373854092034
60.0 2.2696818181818164 0.05297153145638158
61.0 2.2385909090909073 0.053124752994121636
62.0 2.206999999999998 0.053874811575141394
63.0 2.1608409090909073 0.054439250801332544
64.0 2.134795454545453 0.054125665967536825
65.0 2.085113636363635 0.05491152785888468
66.0 2.0382045454545437 0.05474218868422521
67.0 2.0060909090909083 0.05500807087063486
68.0 1.9885227272727264 0.05448609612239415
69.0 1.9506363636363628 0.05437457912167875
70.0 1.9397954545454543 0.05420756925684784
71.0 1.9271818181818174 0.053630115368162284
72.0 1.8971818181818176 0.0526884991345237
73.0 1.874863636363636 0.051057048140748955
74.0 1.8454772727272724 0.05093898514667611
75.0 1.8086363636363645 0.04998792612243376
76.0 1.801113636363637 0.04976587524020759
77.0 1.7946818181818192 0.05008939119169379
78.0 1.789068181818183 0.04974045205019028
79.0 1.7807272727272734 0.04990841866280692
80.0 1.7752500000000004 0.04975983129822252
81.0 1.7719772727272731 0.049933821847812705
82.0 1.7672500000000007 0.05017897805895891
83.0 1.761386363636364 0.050208483121594226
84.0 1.7642727272727274 0.050813007781983506
85.0 1.7648409090909092 0.05085068698773836
86.0 1.760977272727273 0.05041816680314916
87.0 1.7563863636363641 0.05057811005109478
88.0 1.7547272727272731 0.05086915154911631
89.0 1.7547272727272731 0.05086915154911631
90.0 1.7508636363636365 0.05091541322455801
91.0 1.7522045454545456 0.05138850895175617
92.0 1.750522727272727 0.05194320906977735
93.0 1.748022727272727 0.0519503078730654
94.0 1.7445454545454546 0.052406071381759234
95.0 1.7472954545454544 0.05284013919920353
96.0 1.747409090909091 0.052897052246844746
97.0 1.7421363636363636 0.053414399394163904
98.0 1.73425 0.05460963303114572
99.0 1.7288863636363634 0.055804334069477865
100.0 1.72075 0.05627759484977886
101.0 1.7214999999999998 0.05696450115295802
