1.0 6.051500000000005 0.17392639529974624
2.0 6.051500000000005 0.17392639529974624
3.0 6.051500000000005 0.17392639529974624
4.0 6.051500000000005 0.17392639529974624
5.0 6.038931818181823 0.17339768977342263
6.0 6.000659090909094 0.1731459736100161
7.0 5.940840909090911 0.17290657549274213
8.0 5.874136363636364 0.1712596570669181
9.0 5.807318181818182 0.16994518856005256
10.0 5.761272727272729 0.17004103785846236
11.0 5.67970454545455 0.1655832690374342
12.0 5.611750000000004 0.1674310157347013
13.0 5.5141590909090965 0.16631681945430818
14.0 5.389727272727277 0.1662901311884284
15.0 5.330000000000004 0.16604425076219062
16.0 5.237136363636366 0.1651364886580297
17.0 5.158909090909092 0.1619422266531791
18.0 5.057090909090911 0.15807338343781754
19.0 5.015818181818185 0.15830364024950727
20.0 4.930090909090914 0.15941937487958752
21.0 4.877772727272733 0.15837024135961658
22.0 4.842954545454553 0.1590704264728172
23.0 4.76913636363637 0.15535031619728148
24.0 4.756500000000005 0.1555689340275801
25.0 4.71045454545455 0.15492410803074752
26.0 4.675568181818187 0.15445003346864217
27.0 4.622840909090913 0.15591404406723783
28.0 4.588818181818186 0.15562219034000646
29.0 4.557113636363642 0.156905718837667
30.0 4.505681818181824 0.15657510984908277
31.0 4.448022727272732 0.15570040016678754
32.0 4.4131818181818225 0.1571467457774067
33.0 4.383931818181821 0.15653656167608535
34.0 4.3295909090909115 0.15677024071943899
35.0 4.286818181818183 0.1556611025357428
36.0 4.258136363636365 0.15656118246328068
37.0 4.2334545454545465 0.15703501053142782
38.0 4.1951136363636365 0.16060975616768144
39.0 4.140704545454546 0.15943499247981202
40.0 4.131181818181818 0.1590206440615998
41.0 4.102318181818182 0.15752883662846356
42.0 4.079886363636363 0.15846210551199535
43.0 4.056068181818182 0.15855887105084346
44.0 4.015227272727272 0.15780993273204819
45.0 3.9769999999999985 0.15718937135447766
46.0 3.945477272727272 0.1565805590846051
47.0 3.895636363636362 0.15723272034924687
48.0 3.8533181818181803 0.1570989659283142
49.0 3.8305681818181814 0.15586266107238517
50.0 3.7880227272727267 0.15552912249779394
51.0 3.751295454545455 0.15521249413014668
52.0 3.7207727272727276 0.15392704109403732
53.0 3.6942272727272734 0.15142474433414585
54.0 3.6609318181818176 0.15183928559303586
55.0 3.645840909090908 0.15176460843094797
56.0 3.62515909090909 0.15154618630386332
57.0 3.618340909090908 0.15190359435260029
58.0 3.5944772727272722 0.15236206022824303
59.0 3.5693181818181796 0.15182918572347606
60.0 3.5467045454545434 0.15043627902419027
61.0 3.5336136363636346 0.14989780706106584
62.0 3.514886363636362 0.14969822478846007
63.0 3.5022272727272705 0.14963674582723865
64.0 3.464840909090907 0.1488700241067325
65.0 3.4454999999999973 0.1486192268611745
66.0 3.3956590909090894 0.14827178193798793
67.0 3.3740909090909073 0.14877356559824662
68.0 3.343772727272725 0.14866423623249686
69.0 3.320681818181816 0.14580997274269977
70.0 3.303340909090906 0.14555926217040302
71.0 3.282181818181815 0.14575092848985996
72.0 3.2648409090909065 0.14499020218111888
73.0 3.2542045454545425 0.14444463236967242
74.0 3.22763636363636 0.14377805224064566
75.0 3.203795454545451 0.14520957787297084
76.0 3.186227272727269 0.1463739053215045
77.0 3.170863636363633 0.1458641865795485
78.0 3.1516136363636336 0.145793518645937
79.0 3.125113636363633 0.14395363598962713
80.0 3.1068636363636326 0.14436338179039593
81.0 3.0860909090909057 0.14499682956769025
82.0 3.0695227272727243 0.14549649984381602
83.0 3.0564772727272698 0.14619675206413818
84.0 3.021340909090906 0.14437931190960085
85.0 3.0064999999999973 0.14369913126589248
86.0 2.979181818181815 0.14093774450190977
87.0 2.9596818181818145 0.14143905839816392
88.0 2.944590909090906 0.14047215784355063
89.0 2.924045454545451 0.14046023724204332
90.0 2.9076363636363607 0.14006548989335593
91.0 2.8925454545454525 0.13956207487224465
92.0 2.8649999999999975 0.13804830149603864
93.0 2.848431818181816 0.13802044082318124
94.0 2.8336136363636335 0.13851827904683597
95.0 2.8207727272727254 0.13789021339909632
96.0 2.7977727272727253 0.13779897191605833
97.0 2.7738181818181804 0.13699284397659853
98.0 2.764999999999999 0.13714195649744687
99.0 2.7529090909090894 0.13670650673536042
100.0 2.742045454545453 0.1368812133414755
101.0 2.7174090909090896 0.13578546540735834
