0.08 0.01
0.38 0.02
0.61 0.03
0.68 0.04
0.7 0.05
0.71 0.06
0.72 0.07
0.77 0.08
0.78 0.09
0.84 0.1
0.85 0.11
0.86 0.12
0.88 0.13
0.9 0.14
0.92 0.15
0.93 0.16
0.96 0.17
1.03 0.18
1.06 0.19
1.1 0.2
1.1 0.21
1.13 0.22
1.22 0.23
1.24 0.24
1.29 0.25
1.29 0.26
1.29 0.27
1.3 0.28
1.32 0.29
1.32 0.3
1.32 0.31
1.35 0.32
1.43 0.33
1.46 0.34
1.47 0.35
1.47 0.36
1.48 0.37
1.48 0.38
1.58 0.39
1.6 0.4
1.6 0.41
1.61 0.42
1.62 0.43
1.63 0.44
1.64 0.45
1.65 0.46
1.65 0.47
1.66 0.48
1.67 0.49
1.67 0.5
1.72 0.51
1.74 0.52
1.8 0.53
1.87 0.54
1.92 0.55
1.97 0.56
2.01 0.57
2.09 0.58
2.1 0.59
2.16 0.6
2.22 0.61
2.26 0.62
2.27 0.63
2.35 0.64
2.37 0.65
2.54 0.66
2.55 0.67
2.55 0.68
2.58 0.69
2.58 0.7
2.62 0.71
2.66 0.72
2.66 0.73
2.69 0.74
2.73 0.75
2.91 0.76
2.93 0.77
2.98 0.78
3.08 0.79
3.17 0.8
3.18 0.81
3.24 0.82
3.26 0.83
3.3 0.84
3.33 0.85
3.33 0.86
3.36 0.87
3.4 0.88
3.46 0.89
3.47 0.9
3.5 0.91
3.51 0.92
3.53 0.93
3.64 0.94
3.66 0.95
3.77 0.96
3.82 0.97
3.97 0.98
4.03 0.99
4.33 1.0
