0.13 0.002273
0.17 0.004545
0.22 0.006818
0.35 0.009091
0.38 0.011364
0.41 0.013636
0.41 0.015909
0.42 0.018182
0.48 0.020455
0.51 0.022727
0.52 0.025
0.54 0.027273
0.57 0.029545
0.57 0.031818
0.58 0.034091
0.64 0.036364
0.64 0.038636
0.65 0.040909
0.66 0.043182
0.68 0.045455
0.68 0.047727
0.69 0.05
0.69 0.052273
0.7 0.054545
0.71 0.056818
0.72 0.059091
0.75 0.061364
0.79 0.063636
0.86 0.065909
0.89 0.068182
0.9 0.070455
0.9 0.072727
0.9 0.075
0.92 0.077273
0.95 0.079545
0.97 0.081818
0.98 0.084091
0.98 0.086364
1.0 0.088636
1.0 0.090909
1.0 0.093182
1.0 0.095455
1.02 0.097727
1.02 0.1
1.12 0.102273
1.13 0.104545
1.13 0.106818
1.14 0.109091
1.14 0.111364
1.16 0.113636
1.17 0.115909
1.17 0.118182
1.17 0.120455
1.2 0.122727
1.21 0.125
1.22 0.127273
1.22 0.129545
1.22 0.131818
1.25 0.134091
1.26 0.136364
1.26 0.138636
1.26 0.140909
1.26 0.143182
1.28 0.145455
1.28 0.147727
1.28 0.15
1.29 0.152273
1.3 0.154545
1.32 0.156818
1.34 0.159091
1.35 0.161364
1.35 0.163636
1.38 0.165909
1.39 0.168182
1.4 0.170455
1.42 0.172727
1.42 0.175
1.43 0.177273
1.43 0.179545
1.44 0.181818
1.44 0.184091
1.45 0.186364
1.45 0.188636
1.46 0.190909
1.48 0.193182
1.48 0.195455
1.49 0.197727
1.51 0.2
1.54 0.202273
1.57 0.204545
1.58 0.206818
1.59 0.209091
1.59 0.211364
1.59 0.213636
1.59 0.215909
1.59 0.218182
1.6 0.220455
1.62 0.222727
1.62 0.225
1.64 0.227273
1.64 0.229545
1.64 0.231818
1.64 0.234091
1.67 0.236364
1.67 0.238636
1.67 0.240909
1.68 0.243182
1.68 0.245455
1.69 0.247727
1.69 0.25
1.7 0.252273
1.7 0.254545
1.71 0.256818
1.71 0.259091
1.71 0.261364
1.71 0.263636
1.71 0.265909
1.71 0.268182
1.72 0.270455
1.72 0.272727
1.73 0.275
1.73 0.277273
1.74 0.279545
1.74 0.281818
1.75 0.284091
1.75 0.286364
1.75 0.288636
1.75 0.290909
1.75 0.293182
1.76 0.295455
1.79 0.297727
1.79 0.3
1.8 0.302273
1.83 0.304545
1.84 0.306818
1.84 0.309091
1.84 0.311364
1.85 0.313636
1.85 0.315909
1.85 0.318182
1.86 0.320455
1.87 0.322727
1.87 0.325
1.87 0.327273
1.87 0.329545
1.88 0.331818
1.88 0.334091
1.89 0.336364
1.91 0.338636
1.92 0.340909
1.93 0.343182
1.94 0.345455
1.94 0.347727
1.94 0.35
1.95 0.352273
1.96 0.354545
1.96 0.356818
1.96 0.359091
1.97 0.361364
1.97 0.363636
1.98 0.365909
1.98 0.368182
1.99 0.370455
1.99 0.372727
2.0 0.375
2.0 0.377273
2.0 0.379545
2.01 0.381818
2.01 0.384091
2.02 0.386364
2.03 0.388636
2.03 0.390909
2.03 0.393182
2.04 0.395455
2.06 0.397727
2.06 0.4
2.06 0.402273
2.08 0.404545
2.11 0.406818
2.12 0.409091
2.12 0.411364
2.13 0.413636
2.16 0.415909
2.16 0.418182
2.17 0.420455
2.17 0.422727
2.18 0.425
2.18 0.427273
2.18 0.429545
2.19 0.431818
2.19 0.434091
2.2 0.436364
2.21 0.438636
2.21 0.440909
2.22 0.443182
2.23 0.445455
2.24 0.447727
2.27 0.45
2.28 0.452273
2.28 0.454545
2.29 0.456818
2.29 0.459091
2.3 0.461364
2.31 0.463636
2.31 0.465909
2.32 0.468182
2.33 0.470455
2.33 0.472727
2.33 0.475
2.33 0.477273
2.33 0.479545
2.34 0.481818
2.34 0.484091
2.34 0.486364
2.34 0.488636
2.34 0.490909
2.35 0.493182
2.35 0.495455
2.36 0.497727
2.37 0.5
2.38 0.502273
2.38 0.504545
2.38 0.506818
2.39 0.509091
2.39 0.511364
2.4 0.513636
2.42 0.515909
2.44 0.518182
2.44 0.520455
2.44 0.522727
2.45 0.525
2.46 0.527273
2.47 0.529545
2.47 0.531818
2.51 0.534091
2.52 0.536364
2.54 0.538636
2.56 0.540909
2.56 0.543182
2.57 0.545455
2.57 0.547727
2.6 0.55
2.61 0.552273
2.61 0.554545
2.62 0.556818
2.62 0.559091
2.63 0.561364
2.65 0.563636
2.65 0.565909
2.65 0.568182
2.65 0.570455
2.65 0.572727
2.65 0.575
2.67 0.577273
2.7 0.579545
2.71 0.581818
2.71 0.584091
2.71 0.586364
2.72 0.588636
2.72 0.590909
2.73 0.593182
2.73 0.595455
2.74 0.597727
2.76 0.6
2.77 0.602273
2.78 0.604545
2.79 0.606818
2.79 0.609091
2.8 0.611364
2.8 0.613636
2.81 0.615909
2.81 0.618182
2.82 0.620455
2.82 0.622727
2.83 0.625
2.83 0.627273
2.85 0.629545
2.86 0.631818
2.86 0.634091
2.88 0.636364
2.88 0.638636
2.92 0.640909
2.92 0.643182
2.93 0.645455
2.93 0.647727
2.93 0.65
2.96 0.652273
2.97 0.654545
2.98 0.656818
2.98 0.659091
2.99 0.661364
3.0 0.663636
3.01 0.665909
3.02 0.668182
3.03 0.670455
3.04 0.672727
3.05 0.675
3.05 0.677273
3.08 0.679545
3.09 0.681818
3.09 0.684091
3.12 0.686364
3.12 0.688636
3.13 0.690909
3.18 0.693182
3.18 0.695455
3.19 0.697727
3.19 0.7
3.2 0.702273
3.2 0.704545
3.23 0.706818
3.25 0.709091
3.27 0.711364
3.28 0.713636
3.28 0.715909
3.29 0.718182
3.32 0.720455
3.32 0.722727
3.34 0.725
3.34 0.727273
3.35 0.729545
3.36 0.731818
3.4 0.734091
3.41 0.736364
3.42 0.738636
3.42 0.740909
3.43 0.743182
3.44 0.745455
3.44 0.747727
3.47 0.75
3.47 0.752273
3.49 0.754545
3.5 0.756818
3.53 0.759091
3.55 0.761364
3.57 0.763636
3.57 0.765909
3.6 0.768182
3.61 0.770455
3.61 0.772727
3.62 0.775
3.62 0.777273
3.63 0.779545
3.64 0.781818
3.64 0.784091
3.65 0.786364
3.66 0.788636
3.66 0.790909
3.67 0.793182
3.7 0.795455
3.7 0.797727
3.71 0.8
3.71 0.802273
3.71 0.804545
3.73 0.806818
3.73 0.809091
3.74 0.811364
3.75 0.813636
3.77 0.815909
3.78 0.818182
3.81 0.820455
3.81 0.822727
3.82 0.825
3.83 0.827273
3.84 0.829545
3.85 0.831818
3.87 0.834091
3.89 0.836364
3.9 0.838636
3.92 0.840909
3.92 0.843182
3.93 0.845455
3.94 0.847727
3.97 0.85
4.01 0.852273
4.02 0.854545
4.02 0.856818
4.04 0.859091
4.07 0.861364
4.1 0.863636
4.1 0.865909
4.11 0.868182
4.12 0.870455
4.13 0.872727
4.13 0.875
4.15 0.877273
4.16 0.879545
4.17 0.881818
4.19 0.884091
4.21 0.886364
4.22 0.888636
4.22 0.890909
4.27 0.893182
4.3 0.895455
4.3 0.897727
4.33 0.9
4.35 0.902273
4.35 0.904545
4.36 0.906818
4.39 0.909091
4.4 0.911364
4.45 0.913636
4.54 0.915909
4.62 0.918182
4.65 0.920455
4.66 0.922727
4.68 0.925
4.7 0.927273
4.73 0.929545
4.86 0.931818
4.87 0.934091
4.91 0.936364
5.01 0.938636
5.08 0.940909
5.1 0.943182
5.14 0.945455
5.14 0.947727
5.21 0.95
5.22 0.952273
5.25 0.954545
5.39 0.956818
5.51 0.959091
5.75 0.961364
5.9 0.963636
5.93 0.965909
5.95 0.968182
6.05 0.970455
6.1 0.972727
6.33 0.975
6.4 0.977273
6.5 0.979545
6.5 0.981818
6.63 0.984091
6.87 0.986364
7.02 0.988636
7.64 0.990909
7.82 0.993182
8.06 0.995455
8.53 0.997727
8.74 1.0
