0.11 0.002273
0.13 0.004545
0.22 0.006818
0.23 0.009091
0.25 0.011364
0.29 0.013636
0.32 0.015909
0.35 0.018182
0.42 0.020455
0.42 0.022727
0.43 0.025
0.43 0.027273
0.45 0.029545
0.46 0.031818
0.48 0.034091
0.51 0.036364
0.56 0.038636
0.64 0.040909
0.66 0.043182
0.67 0.045455
0.69 0.047727
0.71 0.05
0.71 0.052273
0.74 0.054545
0.76 0.056818
0.77 0.059091
0.81 0.061364
0.83 0.063636
0.83 0.065909
0.84 0.068182
0.86 0.070455
0.87 0.072727
0.87 0.075
0.87 0.077273
0.9 0.079545
0.9 0.081818
0.9 0.084091
0.93 0.086364
0.95 0.088636
0.96 0.090909
0.97 0.093182
0.98 0.095455
0.99 0.097727
0.99 0.1
1.0 0.102273
1.01 0.104545
1.01 0.106818
1.02 0.109091
1.02 0.111364
1.03 0.113636
1.04 0.115909
1.04 0.118182
1.07 0.120455
1.08 0.122727
1.09 0.125
1.1 0.127273
1.1 0.129545
1.11 0.131818
1.11 0.134091
1.12 0.136364
1.12 0.138636
1.12 0.140909
1.12 0.143182
1.12 0.145455
1.14 0.147727
1.14 0.15
1.15 0.152273
1.15 0.154545
1.16 0.156818
1.17 0.159091
1.17 0.161364
1.19 0.163636
1.2 0.165909
1.2 0.168182
1.2 0.170455
1.2 0.172727
1.2 0.175
1.2 0.177273
1.21 0.179545
1.21 0.181818
1.21 0.184091
1.21 0.186364
1.22 0.188636
1.23 0.190909
1.23 0.193182
1.23 0.195455
1.23 0.197727
1.24 0.2
1.26 0.202273
1.26 0.204545
1.26 0.206818
1.27 0.209091
1.28 0.211364
1.28 0.213636
1.28 0.215909
1.29 0.218182
1.3 0.220455
1.3 0.222727
1.31 0.225
1.31 0.227273
1.31 0.229545
1.31 0.231818
1.32 0.234091
1.33 0.236364
1.33 0.238636
1.34 0.240909
1.34 0.243182
1.35 0.245455
1.35 0.247727
1.35 0.25
1.36 0.252273
1.37 0.254545
1.38 0.256818
1.39 0.259091
1.39 0.261364
1.4 0.263636
1.4 0.265909
1.4 0.268182
1.41 0.270455
1.41 0.272727
1.41 0.275
1.41 0.277273
1.42 0.279545
1.42 0.281818
1.42 0.284091
1.42 0.286364
1.44 0.288636
1.44 0.290909
1.45 0.293182
1.47 0.295455
1.48 0.297727
1.48 0.3
1.48 0.302273
1.48 0.304545
1.48 0.306818
1.5 0.309091
1.51 0.311364
1.51 0.313636
1.53 0.315909
1.53 0.318182
1.54 0.320455
1.54 0.322727
1.54 0.325
1.56 0.327273
1.56 0.329545
1.56 0.331818
1.57 0.334091
1.57 0.336364
1.58 0.338636
1.58 0.340909
1.58 0.343182
1.59 0.345455
1.59 0.347727
1.6 0.35
1.61 0.352273
1.61 0.354545
1.62 0.356818
1.62 0.359091
1.63 0.361364
1.65 0.363636
1.65 0.365909
1.67 0.368182
1.68 0.370455
1.68 0.372727
1.69 0.375
1.69 0.377273
1.7 0.379545
1.7 0.381818
1.7 0.384091
1.71 0.386364
1.71 0.388636
1.72 0.390909
1.72 0.393182
1.72 0.395455
1.73 0.397727
1.73 0.4
1.74 0.402273
1.74 0.404545
1.75 0.406818
1.76 0.409091
1.76 0.411364
1.76 0.413636
1.76 0.415909
1.78 0.418182
1.79 0.420455
1.79 0.422727
1.79 0.425
1.8 0.427273
1.8 0.429545
1.82 0.431818
1.82 0.434091
1.82 0.436364
1.83 0.438636
1.83 0.440909
1.84 0.443182
1.84 0.445455
1.85 0.447727
1.85 0.45
1.86 0.452273
1.86 0.454545
1.87 0.456818
1.88 0.459091
1.89 0.461364
1.89 0.463636
1.89 0.465909
1.9 0.468182
1.91 0.470455
1.91 0.472727
1.91 0.475
1.92 0.477273
1.93 0.479545
1.93 0.481818
1.94 0.484091
1.95 0.486364
1.96 0.488636
1.97 0.490909
1.97 0.493182
1.97 0.495455
2.0 0.497727
2.0 0.5
2.0 0.502273
2.03 0.504545
2.03 0.506818
2.05 0.509091
2.06 0.511364
2.07 0.513636
2.09 0.515909
2.09 0.518182
2.1 0.520455
2.1 0.522727
2.11 0.525
2.11 0.527273
2.11 0.529545
2.13 0.531818
2.15 0.534091
2.17 0.536364
2.17 0.538636
2.17 0.540909
2.19 0.543182
2.2 0.545455
2.2 0.547727
2.2 0.55
2.21 0.552273
2.21 0.554545
2.21 0.556818
2.22 0.559091
2.23 0.561364
2.24 0.563636
2.25 0.565909
2.28 0.568182
2.29 0.570455
2.3 0.572727
2.3 0.575
2.3 0.577273
2.31 0.579545
2.32 0.581818
2.33 0.584091
2.36 0.586364
2.36 0.588636
2.37 0.590909
2.37 0.593182
2.37 0.595455
2.38 0.597727
2.4 0.6
2.41 0.602273
2.41 0.604545
2.41 0.606818
2.42 0.609091
2.42 0.611364
2.42 0.613636
2.44 0.615909
2.44 0.618182
2.44 0.620455
2.44 0.622727
2.45 0.625
2.46 0.627273
2.47 0.629545
2.48 0.631818
2.49 0.634091
2.49 0.636364
2.5 0.638636
2.51 0.640909
2.52 0.643182
2.52 0.645455
2.53 0.647727
2.55 0.65
2.56 0.652273
2.57 0.654545
2.58 0.656818
2.59 0.659091
2.59 0.661364
2.6 0.663636
2.6 0.665909
2.63 0.668182
2.67 0.670455
2.69 0.672727
2.69 0.675
2.7 0.677273
2.71 0.679545
2.72 0.681818
2.74 0.684091
2.75 0.686364
2.75 0.688636
2.76 0.690909
2.76 0.693182
2.77 0.695455
2.77 0.697727
2.77 0.7
2.77 0.702273
2.78 0.704545
2.78 0.706818
2.79 0.709091
2.8 0.711364
2.8 0.713636
2.81 0.715909
2.82 0.718182
2.83 0.720455
2.84 0.722727
2.87 0.725
2.88 0.727273
2.88 0.729545
2.92 0.731818
2.93 0.734091
2.94 0.736364
2.97 0.738636
2.98 0.740909
2.98 0.743182
2.98 0.745455
2.99 0.747727
2.99 0.75
2.99 0.752273
2.99 0.754545
3.01 0.756818
3.02 0.759091
3.02 0.761364
3.03 0.763636
3.04 0.765909
3.05 0.768182
3.05 0.770455
3.05 0.772727
3.08 0.775
3.08 0.777273
3.08 0.779545
3.09 0.781818
3.15 0.784091
3.16 0.786364
3.19 0.788636
3.19 0.790909
3.19 0.793182
3.2 0.795455
3.21 0.797727
3.22 0.8
3.22 0.802273
3.23 0.804545
3.24 0.806818
3.24 0.809091
3.24 0.811364
3.25 0.813636
3.25 0.815909
3.28 0.818182
3.3 0.820455
3.31 0.822727
3.32 0.825
3.34 0.827273
3.34 0.829545
3.35 0.831818
3.35 0.834091
3.38 0.836364
3.39 0.838636
3.4 0.840909
3.4 0.843182
3.4 0.845455
3.42 0.847727
3.42 0.85
3.42 0.852273
3.42 0.854545
3.45 0.856818
3.48 0.859091
3.49 0.861364
3.51 0.863636
3.56 0.865909
3.56 0.868182
3.6 0.870455
3.6 0.872727
3.63 0.875
3.63 0.877273
3.64 0.879545
3.66 0.881818
3.67 0.884091
3.68 0.886364
3.69 0.888636
3.71 0.890909
3.71 0.893182
3.72 0.895455
3.75 0.897727
3.76 0.9
3.78 0.902273
3.79 0.904545
3.8 0.906818
3.8 0.909091
3.82 0.911364
3.82 0.913636
3.84 0.915909
3.85 0.918182
3.85 0.920455
3.88 0.922727
3.89 0.925
3.91 0.927273
3.93 0.929545
3.96 0.931818
4.01 0.934091
4.02 0.936364
4.05 0.938636
4.09 0.940909
4.13 0.943182
4.16 0.945455
4.19 0.947727
4.27 0.95
4.29 0.952273
4.29 0.954545
4.36 0.956818
4.37 0.959091
4.38 0.961364
4.41 0.963636
4.46 0.965909
4.46 0.968182
4.48 0.970455
4.48 0.972727
4.53 0.975
4.53 0.977273
4.56 0.979545
4.59 0.981818
4.6 0.984091
4.68 0.986364
4.86 0.988636
4.99 0.990909
5.02 0.993182
5.16 0.995455
6.96 0.997727
7.05 1.0
