0.01 0.002273
0.45 0.004545
0.53 0.006818
0.54 0.009091
0.55 0.011364
0.61 0.013636
0.61 0.015909
0.62 0.018182
0.71 0.020455
0.71 0.022727
0.73 0.025
0.74 0.027273
0.74 0.029545
0.77 0.031818
0.78 0.034091
0.82 0.036364
0.83 0.038636
0.83 0.040909
0.84 0.043182
0.84 0.045455
0.86 0.047727
0.87 0.05
0.87 0.052273
0.87 0.054545
0.88 0.056818
0.88 0.059091
0.9 0.061364
0.9 0.063636
0.91 0.065909
0.91 0.068182
0.91 0.070455
0.91 0.072727
0.92 0.075
0.93 0.077273
0.93 0.079545
0.94 0.081818
0.95 0.084091
0.95 0.086364
0.95 0.088636
0.96 0.090909
0.96 0.093182
0.97 0.095455
0.98 0.097727
0.99 0.1
0.99 0.102273
0.99 0.104545
1.0 0.106818
1.01 0.109091
1.01 0.111364
1.01 0.113636
1.02 0.115909
1.02 0.118182
1.03 0.120455
1.04 0.122727
1.05 0.125
1.05 0.127273
1.06 0.129545
1.07 0.131818
1.07 0.134091
1.07 0.136364
1.08 0.138636
1.08 0.140909
1.09 0.143182
1.09 0.145455
1.09 0.147727
1.1 0.15
1.1 0.152273
1.1 0.154545
1.1 0.156818
1.11 0.159091
1.11 0.161364
1.11 0.163636
1.11 0.165909
1.12 0.168182
1.12 0.170455
1.13 0.172727
1.14 0.175
1.15 0.177273
1.16 0.179545
1.17 0.181818
1.17 0.184091
1.17 0.186364
1.18 0.188636
1.18 0.190909
1.19 0.193182
1.19 0.195455
1.19 0.197727
1.2 0.2
1.2 0.202273
1.21 0.204545
1.22 0.206818
1.22 0.209091
1.22 0.211364
1.22 0.213636
1.23 0.215909
1.23 0.218182
1.23 0.220455
1.23 0.222727
1.24 0.225
1.25 0.227273
1.25 0.229545
1.25 0.231818
1.27 0.234091
1.27 0.236364
1.28 0.238636
1.28 0.240909
1.29 0.243182
1.29 0.245455
1.29 0.247727
1.29 0.25
1.29 0.252273
1.3 0.254545
1.3 0.256818
1.3 0.259091
1.3 0.261364
1.3 0.263636
1.3 0.265909
1.31 0.268182
1.31 0.270455
1.31 0.272727
1.32 0.275
1.33 0.277273
1.33 0.279545
1.34 0.281818
1.34 0.284091
1.34 0.286364
1.35 0.288636
1.35 0.290909
1.35 0.293182
1.35 0.295455
1.35 0.297727
1.35 0.3
1.36 0.302273
1.36 0.304545
1.37 0.306818
1.38 0.309091
1.38 0.311364
1.38 0.313636
1.39 0.315909
1.39 0.318182
1.39 0.320455
1.39 0.322727
1.4 0.325
1.4 0.327273
1.4 0.329545
1.4 0.331818
1.41 0.334091
1.41 0.336364
1.42 0.338636
1.42 0.340909
1.42 0.343182
1.42 0.345455
1.43 0.347727
1.43 0.35
1.44 0.352273
1.44 0.354545
1.44 0.356818
1.44 0.359091
1.44 0.361364
1.45 0.363636
1.45 0.365909
1.45 0.368182
1.46 0.370455
1.46 0.372727
1.46 0.375
1.46 0.377273
1.48 0.379545
1.48 0.381818
1.48 0.384091
1.48 0.386364
1.48 0.388636
1.48 0.390909
1.49 0.393182
1.49 0.395455
1.49 0.397727
1.5 0.4
1.5 0.402273
1.5 0.404545
1.5 0.406818
1.51 0.409091
1.52 0.411364
1.52 0.413636
1.53 0.415909
1.53 0.418182
1.54 0.420455
1.54 0.422727
1.54 0.425
1.56 0.427273
1.56 0.429545
1.58 0.431818
1.58 0.434091
1.58 0.436364
1.58 0.438636
1.58 0.440909
1.59 0.443182
1.59 0.445455
1.59 0.447727
1.59 0.45
1.59 0.452273
1.6 0.454545
1.6 0.456818
1.6 0.459091
1.61 0.461364
1.61 0.463636
1.61 0.465909
1.62 0.468182
1.62 0.470455
1.63 0.472727
1.63 0.475
1.63 0.477273
1.63 0.479545
1.63 0.481818
1.64 0.484091
1.64 0.486364
1.64 0.488636
1.64 0.490909
1.64 0.493182
1.64 0.495455
1.64 0.497727
1.65 0.5
1.65 0.502273
1.65 0.504545
1.66 0.506818
1.66 0.509091
1.66 0.511364
1.66 0.513636
1.67 0.515909
1.68 0.518182
1.68 0.520455
1.68 0.522727
1.69 0.525
1.7 0.527273
1.7 0.529545
1.7 0.531818
1.7 0.534091
1.71 0.536364
1.71 0.538636
1.71 0.540909
1.71 0.543182
1.72 0.545455
1.72 0.547727
1.72 0.55
1.73 0.552273
1.73 0.554545
1.73 0.556818
1.73 0.559091
1.73 0.561364
1.74 0.563636
1.75 0.565909
1.75 0.568182
1.75 0.570455
1.76 0.572727
1.76 0.575
1.76 0.577273
1.77 0.579545
1.77 0.581818
1.77 0.584091
1.77 0.586364
1.77 0.588636
1.77 0.590909
1.77 0.593182
1.78 0.595455
1.79 0.597727
1.79 0.6
1.79 0.602273
1.8 0.604545
1.8 0.606818
1.8 0.609091
1.81 0.611364
1.82 0.613636
1.82 0.615909
1.82 0.618182
1.82 0.620455
1.83 0.622727
1.83 0.625
1.84 0.627273
1.84 0.629545
1.85 0.631818
1.85 0.634091
1.85 0.636364
1.86 0.638636
1.86 0.640909
1.87 0.643182
1.88 0.645455
1.88 0.647727
1.88 0.65
1.89 0.652273
1.89 0.654545
1.9 0.656818
1.91 0.659091
1.93 0.661364
1.93 0.663636
1.94 0.665909
1.94 0.668182
1.95 0.670455
1.97 0.672727
1.97 0.675
1.98 0.677273
1.98 0.679545
2.0 0.681818
2.0 0.684091
2.0 0.686364
2.01 0.688636
2.01 0.690909
2.03 0.693182
2.03 0.695455
2.05 0.697727
2.06 0.7
2.07 0.702273
2.08 0.704545
2.09 0.706818
2.09 0.709091
2.09 0.711364
2.09 0.713636
2.1 0.715909
2.11 0.718182
2.13 0.720455
2.13 0.722727
2.14 0.725
2.14 0.727273
2.14 0.729545
2.15 0.731818
2.15 0.734091
2.15 0.736364
2.16 0.738636
2.16 0.740909
2.19 0.743182
2.2 0.745455
2.21 0.747727
2.21 0.75
2.22 0.752273
2.22 0.754545
2.23 0.756818
2.24 0.759091
2.25 0.761364
2.25 0.763636
2.27 0.765909
2.27 0.768182
2.27 0.770455
2.28 0.772727
2.28 0.775
2.28 0.777273
2.29 0.779545
2.3 0.781818
2.31 0.784091
2.32 0.786364
2.33 0.788636
2.33 0.790909
2.33 0.793182
2.33 0.795455
2.34 0.797727
2.35 0.8
2.36 0.802273
2.37 0.804545
2.37 0.806818
2.38 0.809091
2.38 0.811364
2.4 0.813636
2.4 0.815909
2.41 0.818182
2.42 0.820455
2.43 0.822727
2.43 0.825
2.44 0.827273
2.45 0.829545
2.45 0.831818
2.46 0.834091
2.47 0.836364
2.49 0.838636
2.5 0.840909
2.51 0.843182
2.52 0.845455
2.54 0.847727
2.56 0.85
2.57 0.852273
2.57 0.854545
2.58 0.856818
2.63 0.859091
2.64 0.861364
2.64 0.863636
2.67 0.865909
2.68 0.868182
2.68 0.870455
2.68 0.872727
2.68 0.875
2.69 0.877273
2.7 0.879545
2.7 0.881818
2.7 0.884091
2.71 0.886364
2.74 0.888636
2.74 0.890909
2.75 0.893182
2.75 0.895455
2.81 0.897727
2.84 0.9
2.85 0.902273
2.86 0.904545
2.87 0.906818
2.89 0.909091
2.89 0.911364
2.96 0.913636
2.97 0.915909
2.97 0.918182
2.99 0.920455
3.01 0.922727
3.02 0.925
3.05 0.927273
3.05 0.929545
3.09 0.931818
3.12 0.934091
3.12 0.936364
3.15 0.938636
3.2 0.940909
3.28 0.943182
3.31 0.945455
3.33 0.947727
3.33 0.95
3.44 0.952273
3.47 0.954545
3.5 0.956818
3.51 0.959091
3.6 0.961364
3.63 0.963636
3.69 0.965909
3.7 0.968182
3.71 0.970455
3.75 0.972727
3.83 0.975
3.85 0.977273
3.9 0.979545
3.96 0.981818
3.96 0.984091
4.02 0.986364
4.12 0.988636
4.16 0.990909
4.35 0.993182
4.49 0.995455
4.57 0.997727
5.12 1.0
