0.1 0.002273
0.18 0.004545
0.19 0.006818
0.27 0.009091
0.28 0.011364
0.29 0.013636
0.32 0.015909
0.32 0.018182
0.34 0.020455
0.35 0.022727
0.36 0.025
0.36 0.027273
0.36 0.029545
0.36 0.031818
0.37 0.034091
0.37 0.036364
0.37 0.038636
0.39 0.040909
0.39 0.043182
0.39 0.045455
0.4 0.047727
0.4 0.05
0.4 0.052273
0.4 0.054545
0.41 0.056818
0.42 0.059091
0.42 0.061364
0.43 0.063636
0.43 0.065909
0.43 0.068182
0.43 0.070455
0.44 0.072727
0.44 0.075
0.45 0.077273
0.45 0.079545
0.47 0.081818
0.48 0.084091
0.49 0.086364
0.49 0.088636
0.5 0.090909
0.52 0.093182
0.53 0.095455
0.54 0.097727
0.55 0.1
0.55 0.102273
0.55 0.104545
0.56 0.106818
0.57 0.109091
0.57 0.111364
0.58 0.113636
0.58 0.115909
0.59 0.118182
0.59 0.120455
0.59 0.122727
0.59 0.125
0.61 0.127273
0.61 0.129545
0.62 0.131818
0.62 0.134091
0.62 0.136364
0.62 0.138636
0.62 0.140909
0.63 0.143182
0.63 0.145455
0.64 0.147727
0.65 0.15
0.66 0.152273
0.66 0.154545
0.67 0.156818
0.71 0.159091
0.71 0.161364
0.71 0.163636
0.71 0.165909
0.72 0.168182
0.72 0.170455
0.72 0.172727
0.73 0.175
0.73 0.177273
0.74 0.179545 
0.74 0.181818
0.74 0.184091
0.75 0.186364
0.75 0.188636
0.75 0.190909
0.76 0.193182
0.76 0.195455
0.76 0.197727
0.77 0.2
0.77 0.202273
0.78 0.204545
0.78 0.206818
0.78 0.209091
0.79 0.211364
0.8 0.213636
0.8 0.215909
0.81 0.218182
0.82 0.220455
0.82 0.222727
0.83 0.225
0.84 0.227273
0.84 0.229545
0.84 0.231818
0.85 0.234091
0.86 0.236364
0.86 0.238636
0.87 0.240909
0.88 0.243182
0.88 0.245455
0.88 0.247727
0.89 0.25
0.89 0.252273
0.89 0.254545
0.89 0.256818
0.9 0.259091
0.9 0.261364
0.9 0.263636
0.92 0.265909
0.93 0.268182
0.93 0.270455
0.94 0.272727
0.94 0.275
0.95 0.277273
0.96 0.279545
0.97 0.281818
0.98 0.284091
0.99 0.286364
1.0 0.288636
1.0 0.290909
1.0 0.293182
1.0 0.295455
1.01 0.297727
1.01 0.3
1.03 0.302273
1.03 0.304545
1.03 0.306818
1.04 0.309091
1.04 0.311364
1.04 0.313636
1.04 0.315909
1.04 0.318182
1.05 0.320455
1.06 0.322727
1.06 0.325
1.06 0.327273
1.07 0.329545
1.08 0.331818
1.08 0.334091
1.09 0.336364
1.09 0.338636
1.11 0.340909
1.11 0.343182
1.11 0.345455
1.12 0.347727
1.12 0.35
1.12 0.352273
1.13 0.354545
1.13 0.356818
1.14 0.359091
1.14 0.361364
1.14 0.363636
1.14 0.365909
1.14 0.368182
1.14 0.370455
1.15 0.372727
1.16 0.375
1.17 0.377273
1.17 0.379545
1.18 0.381818
1.19 0.384091
1.2 0.386364
1.22 0.388636
1.22 0.390909
1.22 0.393182
1.23 0.395455
1.24 0.397727
1.24 0.4
1.24 0.402273
1.24 0.404545
1.25 0.406818
1.25 0.409091
1.26 0.411364
1.26 0.413636
1.27 0.415909
1.27 0.418182
1.28 0.420455
1.28 0.422727
1.29 0.425
1.29 0.427273
1.3 0.429545
1.31 0.431818
1.32 0.434091
1.32 0.436364
1.33 0.438636
1.33 0.440909
1.34 0.443182
1.35 0.445455
1.35 0.447727
1.36 0.45
1.38 0.452273
1.39 0.454545
1.4 0.456818
1.4 0.459091
1.42 0.461364
1.43 0.463636
1.43 0.465909
1.44 0.468182
1.46 0.470455
1.47 0.472727
1.47 0.475
1.47 0.477273
1.47 0.479545
1.49 0.481818
1.49 0.484091
1.49 0.486364
1.52 0.488636
1.52 0.490909
1.52 0.493182
1.53 0.495455
1.54 0.497727
1.56 0.5
1.57 0.502273
1.57 0.504545
1.58 0.506818
1.58 0.509091
1.59 0.511364
1.59 0.513636
1.59 0.515909
1.6 0.518182
1.6 0.520455
1.6 0.522727
1.61 0.525
1.61 0.527273
1.61 0.529545
1.62 0.531818
1.63 0.534091
1.63 0.536364
1.65 0.538636
1.65 0.540909
1.66 0.543182
1.67 0.545455
1.67 0.547727
1.68 0.55
1.69 0.552273
1.7 0.554545
1.7 0.556818
1.71 0.559091
1.72 0.561364
1.72 0.563636
1.72 0.565909
1.74 0.568182
1.74 0.570455
1.75 0.572727
1.75 0.575
1.76 0.577273
1.76 0.579545
1.76 0.581818
1.76 0.584091
1.76 0.586364
1.77 0.588636
1.78 0.590909
1.79 0.593182
1.79 0.595455
1.79 0.597727
1.8 0.6
1.81 0.602273
1.81 0.604545
1.81 0.606818
1.82 0.609091
1.84 0.611364
1.84 0.613636
1.84 0.615909
1.84 0.618182
1.85 0.620455
1.85 0.622727
1.85 0.625
1.85 0.627273
1.87 0.629545
1.88 0.631818
1.88 0.634091
1.89 0.636364
1.89 0.638636
1.9 0.640909
1.92 0.643182
1.93 0.645455
1.93 0.647727
1.94 0.65
1.95 0.652273
1.95 0.654545
1.97 0.656818
1.97 0.659091
1.97 0.661364
1.97 0.663636
1.98 0.665909
1.99 0.668182
1.99 0.670455
2.0 0.672727
2.02 0.675
2.03 0.677273
2.08 0.679545
2.1 0.681818
2.1 0.684091
2.13 0.686364
2.13 0.688636
2.14 0.690909
2.14 0.693182
2.15 0.695455
2.15 0.697727
2.15 0.7
2.15 0.702273
2.16 0.704545
2.18 0.706818
2.18 0.709091
2.18 0.711364
2.19 0.713636
2.2 0.715909
2.21 0.718182
2.23 0.720455
2.23 0.722727
2.24 0.725
2.25 0.727273
2.26 0.729545
2.28 0.731818
2.28 0.734091
2.32 0.736364
2.33 0.738636
2.34 0.740909
2.35 0.743182
2.35 0.745455
2.35 0.747727
2.38 0.75
2.38 0.752273
2.41 0.754545
2.42 0.756818
2.43 0.759091
2.46 0.761364
2.46 0.763636
2.47 0.765909
2.49 0.768182
2.5 0.770455
2.51 0.772727
2.51 0.775
2.54 0.777273
2.58 0.779545
2.58 0.781818
2.59 0.784091
2.6 0.786364
2.61 0.788636
2.62 0.790909
2.65 0.793182
2.67 0.795455
2.67 0.797727
2.67 0.8
2.68 0.802273
2.69 0.804545
2.7 0.806818
2.71 0.809091
2.72 0.811364
2.72 0.813636
2.73 0.815909
2.74 0.818182
2.74 0.820455
2.74 0.822727
2.76 0.825
2.78 0.827273
2.8 0.829545
2.8 0.831818
2.85 0.834091
2.85 0.836364
2.85 0.838636
2.86 0.840909
2.86 0.843182
2.87 0.845455
2.89 0.847727
2.89 0.85
2.9 0.852273
2.93 0.854545
2.94 0.856818
2.95 0.859091
2.97 0.861364
3.0 0.863636
3.0 0.865909
3.04 0.868182
3.04 0.870455
3.05 0.872727
3.07 0.875
3.1 0.877273
3.1 0.879545
3.13 0.881818
3.17 0.884091
3.17 0.886364
3.17 0.888636
3.17 0.890909
3.21 0.893182
3.24 0.895455
3.28 0.897727
3.32 0.9
3.34 0.902273
3.36 0.904545
3.36 0.906818
3.37 0.909091
3.37 0.911364
3.4 0.913636
3.4 0.915909
3.41 0.918182
3.43 0.920455
3.47 0.922727
3.52 0.925
3.55 0.927273
3.55 0.929545
3.55 0.931818
3.62 0.934091
3.68 0.936364
3.72 0.938636
3.74 0.940909
3.79 0.943182
3.82 0.945455
3.83 0.947727
3.83 0.95
3.83 0.952273
3.87 0.954545
3.98 0.956818
4.03 0.959091
4.14 0.961364
4.2 0.963636
4.31 0.965909
4.37 0.968182
4.39 0.970455
4.49 0.972727
4.5 0.975
4.52 0.977273
4.53 0.979545
4.8 0.981818
4.84 0.984091
4.98 0.986364
5.12 0.988636
5.16 0.990909
5.24 0.993182
5.33 0.995455
5.41 0.997727
5.67 1.0
