0.07 0.002841
0.15 0.005682
0.16 0.008523
0.19 0.011364
0.25 0.014205
0.25 0.017045
0.31 0.019886
0.31 0.022727
0.31 0.025568
0.32 0.028409
0.33 0.03125
0.34 0.034091
0.36 0.036932
0.36 0.039773
0.36 0.042614
0.37 0.045455
0.38 0.048295
0.41 0.051136
0.42 0.053977
0.42 0.056818
0.43 0.059659
0.45 0.0625
0.45 0.065341
0.48 0.068182
0.49 0.071023
0.5 0.073864
0.51 0.076705
0.51 0.079545
0.52 0.082386
0.52 0.085227
0.53 0.088068
0.53 0.090909
0.53 0.09375
0.54 0.096591
0.55 0.099432
0.56 0.102273
0.56 0.105114
0.56 0.107955
0.56 0.110795
0.57 0.113636
0.58 0.116477
0.58 0.119318
0.6 0.122159
0.61 0.125
0.61 0.127841
0.61 0.130682
0.63 0.133523
0.64 0.136364
0.64 0.139205
0.64 0.142045
0.64 0.144886
0.65 0.147727
0.69 0.150568
0.69 0.153409
0.71 0.15625
0.72 0.159091
0.73 0.161932
0.75 0.164773
0.76 0.167614
0.78 0.170455
0.78 0.173295
0.79 0.176136
0.79 0.178977
0.8 0.181818
0.81 0.184659
0.81 0.1875
0.81 0.190341
0.81 0.193182
0.82 0.196023
0.83 0.198864
0.83 0.201705
0.84 0.204545
0.84 0.207386
0.85 0.210227
0.85 0.213068
0.85 0.215909
0.87 0.21875
0.88 0.221591
0.89 0.224432
0.89 0.227273
0.9 0.230114
0.9 0.232955
0.9 0.235795
0.91 0.238636
0.91 0.241477
0.92 0.244318
0.93 0.247159
0.94 0.25
0.95 0.252841
0.95 0.255682
0.96 0.258523
0.97 0.261364
0.97 0.264205
0.97 0.267045
0.98 0.269886
0.98 0.272727
0.98 0.275568
0.99 0.278409
1.0 0.28125
1.0 0.284091
1.0 0.286932
1.0 0.289773
1.0 0.292614
1.01 0.295455
1.01 0.298295
1.01 0.301136
1.01 0.303977
1.01 0.306818
1.02 0.309659
1.02 0.3125
1.03 0.315341
1.04 0.318182
1.05 0.321023
1.05 0.323864
1.05 0.326705
1.06 0.329545
1.07 0.332386
1.08 0.335227
1.08 0.338068
1.08 0.340909
1.11 0.34375
1.12 0.346591
1.12 0.349432
1.13 0.352273
1.13 0.355114
1.14 0.357955
1.14 0.360795
1.14 0.363636
1.14 0.366477
1.14 0.369318
1.15 0.372159
1.15 0.375
1.16 0.377841
1.17 0.380682
1.18 0.383523
1.18 0.386364
1.18 0.389205
1.19 0.392045
1.19 0.394886
1.19 0.397727
1.19 0.400568
1.2 0.403409
1.2 0.40625
1.21 0.409091
1.21 0.411932
1.21 0.414773
1.21 0.417614
1.22 0.420455
1.23 0.423295
1.23 0.426136
1.23 0.428977
1.24 0.431818
1.24 0.434659
1.25 0.4375
1.26 0.440341
1.26 0.443182
1.26 0.446023
1.27 0.448864
1.27 0.451705
1.27 0.454545
1.27 0.457386
1.27 0.460227
1.29 0.463068
1.29 0.465909
1.3 0.46875
1.3 0.471591
1.3 0.474432
1.31 0.477273
1.31 0.480114
1.31 0.482955
1.31 0.485795
1.31 0.488636
1.31 0.491477
1.32 0.494318
1.32 0.497159
1.32 0.5
1.32 0.502841
1.33 0.505682
1.34 0.508523
1.34 0.511364
1.34 0.514205
1.35 0.517045
1.35 0.519886
1.35 0.522727
1.36 0.525568
1.36 0.528409
1.36 0.53125
1.37 0.534091
1.37 0.536932
1.38 0.539773
1.38 0.542614
1.39 0.545455
1.39 0.548295
1.39 0.551136
1.4 0.553977
1.4 0.556818
1.41 0.559659
1.41 0.5625
1.42 0.565341
1.42 0.568182
1.43 0.571023
1.43 0.573864
1.45 0.576705
1.46 0.579545
1.46 0.582386
1.46 0.585227
1.47 0.588068
1.48 0.590909
1.48 0.59375
1.48 0.596591
1.5 0.599432
1.51 0.602273
1.52 0.605114
1.52 0.607955
1.52 0.610795
1.52 0.613636
1.53 0.616477
1.53 0.619318
1.54 0.622159
1.54 0.625
1.54 0.627841
1.55 0.630682
1.56 0.633523
1.56 0.636364
1.57 0.639205
1.57 0.642045
1.57 0.644886
1.57 0.647727
1.57 0.650568
1.57 0.653409
1.59 0.65625
1.59 0.659091
1.6 0.661932
1.6 0.664773
1.61 0.667614
1.61 0.670455
1.63 0.673295
1.63 0.676136
1.64 0.678977
1.64 0.681818
1.64 0.684659
1.64 0.6875
1.64 0.690341
1.65 0.693182
1.65 0.696023
1.66 0.698864
1.66 0.701705
1.66 0.704545
1.67 0.707386
1.68 0.710227
1.68 0.713068
1.68 0.715909
1.68 0.71875
1.69 0.721591
1.69 0.724432
1.7 0.727273
1.71 0.730114
1.71 0.732955
1.71 0.735795
1.74 0.738636
1.76 0.741477
1.78 0.744318
1.78 0.747159
1.78 0.75
1.79 0.752841
1.79 0.755682
1.8 0.758523
1.81 0.761364
1.81 0.764205
1.82 0.767045
1.83 0.769886
1.83 0.772727
1.83 0.775568
1.84 0.778409
1.86 0.78125
1.88 0.784091
1.88 0.786932
1.9 0.789773
1.92 0.792614
1.93 0.795455
1.93 0.798295
1.94 0.801136
1.96 0.803977
1.96 0.806818
1.96 0.809659
1.97 0.8125
1.97 0.815341
1.98 0.818182
1.98 0.821023
2.0 0.823864
2.01 0.826705
2.01 0.829545
2.02 0.832386
2.03 0.835227
2.04 0.838068
2.06 0.840909
2.07 0.84375
2.07 0.846591
2.09 0.849432
2.1 0.852273
2.12 0.855114
2.13 0.857955
2.15 0.860795
2.18 0.863636
2.19 0.866477
2.19 0.869318
2.19 0.872159
2.21 0.875
2.21 0.877841
2.24 0.880682
2.24 0.883523
2.24 0.886364
2.25 0.889205
2.27 0.892045
2.27 0.894886
2.28 0.897727
2.31 0.900568
2.33 0.903409
2.33 0.90625
2.34 0.909091
2.35 0.911932
2.38 0.914773
2.4 0.917614
2.41 0.920455
2.45 0.923295
2.47 0.926136
2.48 0.928977
2.49 0.931818
2.52 0.934659
2.54 0.9375
2.56 0.940341
2.56 0.943182
2.58 0.946023
2.58 0.948864
2.58 0.951705
2.59 0.954545
2.6 0.957386
2.62 0.960227
2.66 0.963068
2.69 0.965909
2.71 0.96875
2.78 0.971591
2.79 0.974432
2.8 0.977273
2.83 0.980114
2.83 0.982955
2.85 0.985795
2.9 0.988636
3.02 0.991477
3.05 0.994318
3.09 0.997159
4.04 1.0
