1.0 4.854090909090911 0.17693872596483243
2.0 4.5800681818181825 0.1668546598447438
3.0 4.531045454545455 0.17347553258779025
4.0 4.325204545454544 0.192795827565504
5.0 4.239568181818183 0.20175466344941842
6.0 4.123022727272729 0.20380155994575672
7.0 4.069909090909093 0.2067940319945951
8.0 4.070818181818184 0.2080772225619018
9.0 4.014363636363637 0.21040471016572235
10.0 3.968068181818182 0.21583834441539457
11.0 3.941886363636364 0.21788780312749478
12.0 3.875863636363638 0.21949667033454662
13.0 3.8273636363636383 0.21927356021642772
14.0 3.7715227272727287 0.21807082583114684
15.0 3.739477272727275 0.2178184042663764
16.0 3.694295454545457 0.21693641049134746
17.0 3.632931818181818 0.21205730357733904
18.0 3.6311363636363634 0.2122839495530942
19.0 3.5878181818181822 0.21064732009613069
20.0 3.552318181818182 0.20761320669368052
21.0 3.522522727272726 0.2076332826785713
22.0 3.47915909090909 0.2047909311177764
23.0 3.4601363636363636 0.2041753423099405
24.0 3.420227272727273 0.20264991765105533
25.0 3.387227272727273 0.1993052307627952
26.0 3.3493863636363637 0.19683908259726604
27.0 3.321909090909091 0.19551384537776767
28.0 3.272795454545455 0.18993140183962212
29.0 3.2663409090909097 0.1891506593790403
30.0 3.2382954545454554 0.18824574976399666
31.0 3.203909090909091 0.18647335709411744
32.0 3.174363636363637 0.18587393129962626
33.0 3.1501590909090913 0.1838170623267015
34.0 3.1057272727272722 0.18175661245856362
35.0 3.101863636363636 0.18254722754235944
36.0 3.0779318181818183 0.18151853613549163
37.0 3.065295454545454 0.18083711447373338
38.0 3.060409090909091 0.18017853702376316
39.0 3.0546363636363636 0.180130396784795
40.0 3.050272727272728 0.18031633494066765
41.0 3.0485681818181822 0.17983048864308687
42.0 3.023159090909091 0.17908787307142926
43.0 3.021068181818182 0.17843628844223788
44.0 3.005590909090909 0.17726033091379828
45.0 2.991068181818182 0.17676445775716634
46.0 2.989636363636365 0.176740560886675
47.0 2.988409090909094 0.17596138321131785
48.0 2.9838636363636386 0.17619484520936304
49.0 2.9740681818181836 0.17609881107822858
50.0 2.966454545454547 0.1752762121691173
51.0 2.9641818181818187 0.17455316181762198
52.0 2.9539999999999993 0.17400583238616976
53.0 2.9512499999999995 0.1748551562121636
54.0 2.946409090909089 0.17528172271896736
55.0 2.9377045454545434 0.1754640668531563
56.0 2.914818181818179 0.174415673519044
57.0 2.9024772727272694 0.17447949919936853
58.0 2.896340909090906 0.17431499894829935
59.0 2.887659090909089 0.17469590196951928
60.0 2.8734999999999977 0.17519378133762348
61.0 2.869840909090907 0.17518146339772991
62.0 2.862363636363634 0.17527334773164083
63.0 2.8562499999999984 0.1745244604299128
64.0 2.854431818181816 0.17392465751979427
65.0 2.8504318181818165 0.17384874081172913
66.0 2.8413409090909068 0.17396662950248
67.0 2.825090909090907 0.17331344503604768
68.0 2.821636363636362 0.17355621599028845
69.0 2.81297727272727 0.17227935685646592
70.0 2.808090909090906 0.17220099946440434
71.0 2.7932045454545427 0.17043125915662674
72.0 2.7844318181818153 0.1696442317738196
73.0 2.7784318181818155 0.1696196607557076
74.0 2.774749999999998 0.16951219402054227
75.0 2.747204545454545 0.16984543848954925
76.0 2.7394090909090907 0.16981435260850752
77.0 2.7370454545454557 0.17001323550480701
78.0 2.73284090909091 0.17002975750694227
79.0 2.734045454545455 0.17091966565673336
80.0 2.729636363636365 0.17119718551716462
81.0 2.7273636363636378 0.1714221821284395
82.0 2.7207500000000007 0.17149448052818098
83.0 2.7180227272727278 0.17158284851854597
84.0 2.7078409090909097 0.17157032152698928
85.0 2.7033863636363646 0.17132036217732555
86.0 2.70093181818182 0.1710994234347073
87.0 2.693409090909092 0.1708707427159993
88.0 2.695318181818184 0.17206445613351634
89.0 2.690613636363638 0.17195055750586824
90.0 2.6827727272727295 0.17159450822851038
91.0 2.6777954545454565 0.1716040642190227
92.0 2.6725454545454568 0.17130859913945815
93.0 2.6700454545454564 0.1712296478499205
94.0 2.6650000000000027 0.1715057968499468
95.0 2.667409090909094 0.17150495740270313
96.0 2.6671363636363665 0.17159949421138218
97.0 2.672818181818185 0.17174030020729508
98.0 2.669250000000003 0.17166848316308578
99.0 2.6652045454545488 0.17174744434873407
100.0 2.6662045454545487 0.17154374253364157
101.0 2.6642954545454582 0.17123772276299346
