0.06 0.002273
0.09 0.004545
0.15 0.006818
0.23 0.009091
0.29 0.011364
0.3 0.013636
0.31 0.015909
0.31 0.018182
0.32 0.020455
0.35 0.022727
0.37 0.025
0.38 0.027273
0.41 0.029545
0.42 0.031818
0.42 0.034091
0.44 0.036364
0.47 0.038636
0.47 0.040909
0.48 0.043182
0.49 0.045455
0.51 0.047727
0.51 0.05
0.51 0.052273
0.52 0.054545
0.53 0.056818
0.54 0.059091
0.54 0.061364
0.55 0.063636
0.56 0.065909
0.57 0.068182
0.6 0.070455
0.6 0.072727
0.6 0.075
0.62 0.077273
0.63 0.079545
0.64 0.081818
0.64 0.084091
0.64 0.086364
0.65 0.088636
0.67 0.090909
0.68 0.093182
0.69 0.095455
0.7 0.097727
0.71 0.1
0.72 0.102273
0.74 0.104545
0.77 0.106818
0.78 0.109091
0.78 0.111364
0.79 0.113636
0.8 0.115909
0.81 0.118182
0.82 0.120455
0.82 0.122727
0.83 0.125
0.84 0.127273
0.84 0.129545
0.85 0.131818
0.85 0.134091
0.86 0.136364
0.87 0.138636
0.88 0.140909
0.88 0.143182
0.89 0.145455
0.89 0.147727
0.9 0.15
0.9 0.152273
0.9 0.154545
0.9 0.156818
0.91 0.159091
0.91 0.161364
0.91 0.163636
0.91 0.165909
0.91 0.168182
0.91 0.170455
0.94 0.172727
0.94 0.175
0.94 0.177273
0.95 0.179545
0.96 0.181818
0.96 0.184091
0.96 0.186364
0.97 0.188636
0.98 0.190909
0.98 0.193182
0.99 0.195455
0.99 0.197727
0.99 0.2
1.0 0.202273
1.05 0.204545
1.05 0.206818
1.06 0.209091
1.06 0.211364
1.07 0.213636
1.07 0.215909
1.07 0.218182
1.08 0.220455
1.09 0.222727
1.1 0.225
1.11 0.227273
1.11 0.229545
1.11 0.231818
1.11 0.234091
1.12 0.236364
1.12 0.238636
1.12 0.240909
1.13 0.243182
1.13 0.245455
1.15 0.247727
1.15 0.25
1.17 0.252273
1.17 0.254545
1.17 0.256818
1.18 0.259091
1.19 0.261364
1.2 0.263636
1.2 0.265909
1.2 0.268182
1.2 0.270455
1.2 0.272727
1.21 0.275
1.22 0.277273
1.22 0.279545
1.22 0.281818
1.23 0.284091
1.24 0.286364
1.24 0.288636
1.24 0.290909
1.24 0.293182
1.25 0.295455
1.25 0.297727
1.25 0.3
1.25 0.302273
1.25 0.304545
1.26 0.306818
1.26 0.309091
1.28 0.311364
1.28 0.313636
1.28 0.315909
1.29 0.318182
1.3 0.320455
1.31 0.322727
1.32 0.325
1.32 0.327273
1.33 0.329545
1.33 0.331818
1.33 0.334091
1.35 0.336364
1.36 0.338636
1.36 0.340909
1.36 0.343182
1.37 0.345455
1.37 0.347727
1.37 0.35
1.37 0.352273
1.38 0.354545
1.38 0.356818
1.39 0.359091
1.39 0.361364
1.4 0.363636
1.41 0.365909
1.42 0.368182
1.42 0.370455
1.44 0.372727
1.44 0.375
1.44 0.377273
1.45 0.379545
1.45 0.381818
1.45 0.384091
1.46 0.386364
1.46 0.388636
1.47 0.390909
1.47 0.393182
1.47 0.395455
1.48 0.397727
1.49 0.4
1.52 0.402273
1.52 0.404545
1.52 0.406818
1.52 0.409091
1.53 0.411364
1.54 0.413636
1.55 0.415909
1.55 0.418182
1.56 0.420455
1.57 0.422727
1.57 0.425
1.57 0.427273
1.57 0.429545
1.57 0.431818
1.58 0.434091
1.59 0.436364
1.59 0.438636
1.6 0.440909
1.6 0.443182
1.6 0.445455
1.61 0.447727
1.61 0.45
1.62 0.452273
1.63 0.454545
1.63 0.456818
1.64 0.459091
1.64 0.461364
1.64 0.463636
1.65 0.465909
1.65 0.468182
1.65 0.470455
1.65 0.472727
1.66 0.475
1.67 0.477273
1.69 0.479545
1.69 0.481818
1.7 0.484091
1.7 0.486364
1.7 0.488636
1.7 0.490909
1.72 0.493182
1.73 0.495455
1.74 0.497727
1.74 0.5
1.74 0.502273
1.75 0.504545
1.76 0.506818
1.77 0.509091
1.77 0.511364
1.78 0.513636
1.78 0.515909
1.79 0.518182
1.8 0.520455
1.81 0.522727
1.82 0.525
1.83 0.527273
1.83 0.529545
1.84 0.531818
1.84 0.534091
1.85 0.536364
1.85 0.538636
1.86 0.540909
1.86 0.543182
1.87 0.545455
1.87 0.547727
1.88 0.55
1.89 0.552273
1.89 0.554545
1.9 0.556818
1.92 0.559091
1.92 0.561364
1.94 0.563636
1.94 0.565909
1.95 0.568182
1.96 0.570455
1.96 0.572727
1.97 0.575
1.97 0.577273
1.97 0.579545
1.99 0.581818
1.99 0.584091
1.99 0.586364
1.99 0.588636
2.0 0.590909
2.0 0.593182
2.01 0.595455
2.03 0.597727
2.03 0.6
2.04 0.602273
2.05 0.604545
2.06 0.606818
2.08 0.609091
2.08 0.611364
2.08 0.613636
2.08 0.615909
2.09 0.618182
2.09 0.620455
2.1 0.622727
2.1 0.625
2.11 0.627273
2.13 0.629545
2.13 0.631818
2.14 0.634091
2.15 0.636364
2.15 0.638636
2.16 0.640909
2.17 0.643182
2.17 0.645455
2.17 0.647727
2.17 0.65
2.18 0.652273
2.18 0.654545
2.19 0.656818
2.2 0.659091
2.2 0.661364
2.21 0.663636
2.21 0.665909
2.22 0.668182
2.22 0.670455
2.24 0.672727
2.24 0.675
2.26 0.677273
2.29 0.679545
2.29 0.681818
2.3 0.684091
2.3 0.686364
2.31 0.688636
2.31 0.690909
2.31 0.693182
2.32 0.695455
2.33 0.697727
2.34 0.7
2.34 0.702273
2.35 0.704545
2.37 0.706818
2.37 0.709091
2.37 0.711364
2.37 0.713636
2.38 0.715909
2.38 0.718182
2.38 0.720455
2.39 0.722727
2.4 0.725
2.41 0.727273
2.41 0.729545
2.41 0.731818
2.42 0.734091
2.43 0.736364
2.44 0.738636
2.45 0.740909
2.46 0.743182
2.47 0.745455
2.49 0.747727
2.49 0.75
2.5 0.752273
2.5 0.754545
2.51 0.756818
2.51 0.759091
2.52 0.761364
2.53 0.763636
2.53 0.765909
2.54 0.768182
2.55 0.770455
2.55 0.772727
2.55 0.775
2.59 0.777273
2.59 0.779545
2.63 0.781818
2.64 0.784091
2.64 0.786364
2.64 0.788636
2.65 0.790909
2.66 0.793182
2.67 0.795455
2.67 0.797727
2.68 0.8
2.68 0.802273
2.69 0.804545
2.7 0.806818
2.75 0.809091
2.75 0.811364
2.76 0.813636
2.78 0.815909
2.8 0.818182
2.8 0.820455
2.85 0.822727
2.88 0.825
2.88 0.827273
2.92 0.829545
2.94 0.831818
2.94 0.834091
2.95 0.836364
2.96 0.838636
2.97 0.840909
2.99 0.843182
3.02 0.845455
3.03 0.847727
3.05 0.85
3.09 0.852273
3.09 0.854545
3.13 0.856818
3.18 0.859091
3.22 0.861364
3.23 0.863636
3.25 0.865909
3.27 0.868182
3.34 0.870455
3.34 0.872727
3.37 0.875
3.38 0.877273
3.41 0.879545
3.41 0.881818
3.42 0.884091
3.42 0.886364
3.43 0.888636
3.43 0.890909
3.44 0.893182
3.48 0.895455
3.5 0.897727
3.5 0.9
3.56 0.902273
3.57 0.904545
3.57 0.906818
3.6 0.909091
3.6 0.911364
3.74 0.913636
3.75 0.915909
3.76 0.918182
3.77 0.920455
3.81 0.922727
3.82 0.925
3.82 0.927273
3.83 0.929545
3.85 0.931818
3.9 0.934091
3.98 0.936364
4.01 0.938636
4.15 0.940909
4.24 0.943182
4.25 0.945455
4.25 0.947727
4.27 0.95
4.29 0.952273
4.34 0.954545
4.36 0.956818
4.39 0.959091
4.4 0.961364
4.41 0.963636
4.41 0.965909
4.44 0.968182
4.45 0.970455
4.62 0.972727
4.66 0.975
4.66 0.977273
4.71 0.979545
4.77 0.981818
5.02 0.984091
5.02 0.986364
5.31 0.988636
5.5 0.990909
5.76 0.993182
5.81 0.995455
5.89 0.997727
6.69 1.0
