0.6 0.0125
0.73 0.025
0.87 0.0375
0.88 0.05
0.9 0.0625
0.9 0.075
0.93 0.0875
0.95 0.1
0.97 0.1125
0.99 0.125
1.03 0.1375
1.03 0.15
1.04 0.1625
1.08 0.175
1.1 0.1875
1.11 0.2
1.11 0.2125
1.16 0.225
1.16 0.2375
1.18 0.25
1.2 0.2625
1.2 0.275
1.22 0.2875
1.23 0.3
1.25 0.3125
1.28 0.325
1.29 0.3375
1.29 0.35
1.29 0.3625
1.29 0.375
1.3 0.3875
1.31 0.4
1.31 0.4125
1.33 0.425
1.33 0.4375
1.37 0.45
1.37 0.4625
1.38 0.475
1.38 0.4875
1.4 0.5
1.41 0.5125
1.43 0.525
1.45 0.5375
1.52 0.55
1.54 0.5625
1.54 0.575
1.55 0.5875
1.56 0.6
1.57 0.6125
1.57 0.625
1.66 0.6375
1.66 0.65
1.68 0.6625
1.7 0.675
1.71 0.6875
1.73 0.7
1.73 0.7125
1.75 0.725
1.75 0.7375
1.77 0.75
1.77 0.7625
1.8 0.775
1.84 0.7875
1.85 0.8
1.85 0.8125
1.94 0.825
1.94 0.8375
1.94 0.85
2.01 0.8625
2.02 0.875
2.04 0.8875
2.05 0.9
2.1 0.9125
2.1 0.925
2.1 0.9375
2.14 0.95
2.18 0.9625
2.21 0.975
2.27 0.9875
2.35 1.0
