0.06 0.002273
0.07 0.004545
0.09 0.006818
0.1 0.009091
0.11 0.011364
0.14 0.013636
0.16 0.015909
0.17 0.018182
0.17 0.020455
0.23 0.022727
0.23 0.025
0.25 0.027273
0.25 0.029545
0.25 0.031818
0.26 0.034091
0.27 0.036364
0.27 0.038636
0.28 0.040909
0.28 0.043182
0.28 0.045455
0.29 0.047727
0.29 0.05
0.3 0.052273
0.31 0.054545
0.31 0.056818
0.31 0.059091
0.31 0.061364
0.32 0.063636
0.33 0.065909
0.34 0.068182
0.34 0.070455
0.35 0.072727
0.35 0.075
0.35 0.077273
0.36 0.079545
0.36 0.081818
0.37 0.084091
0.38 0.086364
0.39 0.088636
0.39 0.090909
0.4 0.093182
0.41 0.095455
0.42 0.097727
0.43 0.1
0.43 0.102273
0.43 0.104545
0.43 0.106818
0.44 0.109091
0.44 0.111364
0.44 0.113636
0.45 0.115909
0.45 0.118182
0.45 0.120455
0.46 0.122727
0.47 0.125
0.47 0.127273
0.47 0.129545
0.48 0.131818
0.48 0.134091
0.49 0.136364
0.49 0.138636
0.49 0.140909
0.5 0.143182
0.5 0.145455
0.5 0.147727
0.52 0.15
0.52 0.152273
0.52 0.154545
0.52 0.156818
0.52 0.159091
0.52 0.161364
0.53 0.163636
0.53 0.165909
0.53 0.168182
0.54 0.170455
0.54 0.172727
0.54 0.175
0.54 0.177273
0.54 0.179545
0.55 0.181818
0.55 0.184091
0.55 0.186364
0.56 0.188636
0.56 0.190909
0.57 0.193182
0.57 0.195455
0.58 0.197727
0.58 0.2
0.59 0.202273
0.59 0.204545
0.59 0.206818
0.6 0.209091
0.61 0.211364
0.61 0.213636
0.61 0.215909
0.61 0.218182
0.61 0.220455
0.62 0.222727
0.62 0.225
0.62 0.227273
0.62 0.229545
0.62 0.231818
0.63 0.234091
0.63 0.236364
0.64 0.238636
0.64 0.240909
0.64 0.243182
0.64 0.245455
0.64 0.247727
0.65 0.25
0.65 0.252273
0.65 0.254545
0.65 0.256818
0.65 0.259091
0.66 0.261364
0.66 0.263636
0.66 0.265909
0.66 0.268182
0.66 0.270455
0.66 0.272727
0.66 0.275
0.67 0.277273
0.67 0.279545
0.68 0.281818
0.68 0.284091
0.68 0.286364
0.68 0.288636
0.68 0.290909
0.69 0.293182
0.69 0.295455
0.7 0.297727
0.7 0.3
0.7 0.302273
0.7 0.304545
0.7 0.306818
0.7 0.309091
0.7 0.311364
0.71 0.313636
0.71 0.315909
0.71 0.318182
0.71 0.320455
0.71 0.322727
0.72 0.325
0.72 0.327273
0.73 0.329545
0.73 0.331818
0.74 0.334091
0.74 0.336364
0.74 0.338636
0.74 0.340909
0.74 0.343182
0.74 0.345455
0.75 0.347727
0.75 0.35
0.75 0.352273
0.75 0.354545
0.75 0.356818
0.75 0.359091
0.75 0.361364
0.75 0.363636
0.75 0.365909
0.76 0.368182
0.76 0.370455
0.76 0.372727
0.77 0.375
0.77 0.377273
0.77 0.379545
0.77 0.381818
0.77 0.384091
0.78 0.386364
0.78 0.388636
0.78 0.390909
0.79 0.393182
0.79 0.395455
0.79 0.397727
0.79 0.4
0.8 0.402273
0.8 0.404545
0.8 0.406818
0.8 0.409091
0.8 0.411364
0.8 0.413636
0.8 0.415909
0.8 0.418182
0.8 0.420455
0.81 0.422727
0.81 0.425
0.81 0.427273
0.81 0.429545
0.81 0.431818
0.82 0.434091
0.82 0.436364
0.82 0.438636
0.82 0.440909
0.83 0.443182
0.83 0.445455
0.83 0.447727
0.84 0.45
0.85 0.452273
0.85 0.454545
0.85 0.456818
0.85 0.459091
0.85 0.461364
0.85 0.463636
0.86 0.465909
0.86 0.468182
0.86 0.470455
0.86 0.472727
0.86 0.475
0.87 0.477273
0.87 0.479545
0.87 0.481818
0.87 0.484091
0.87 0.486364
0.88 0.488636
0.88 0.490909
0.88 0.493182
0.88 0.495455
0.89 0.497727
0.89 0.5
0.89 0.502273
0.89 0.504545
0.9 0.506818
0.9 0.509091
0.9 0.511364
0.91 0.513636
0.91 0.515909
0.91 0.518182
0.91 0.520455
0.91 0.522727
0.91 0.525
0.92 0.527273
0.92 0.529545
0.92 0.531818
0.92 0.534091
0.93 0.536364
0.93 0.538636
0.93 0.540909
0.93 0.543182
0.95 0.545455
0.95 0.547727
0.96 0.55
0.96 0.552273
0.96 0.554545
0.96 0.556818
0.96 0.559091
0.96 0.561364
0.96 0.563636
0.96 0.565909
0.97 0.568182
0.97 0.570455
0.97 0.572727
0.98 0.575
0.98 0.577273
0.99 0.579545
0.99 0.581818
0.99 0.584091
1.0 0.586364
1.01 0.588636
1.01 0.590909
1.01 0.593182
1.01 0.595455
1.01 0.597727
1.02 0.6
1.02 0.602273
1.02 0.604545
1.02 0.606818
1.03 0.609091
1.03 0.611364
1.03 0.613636
1.03 0.615909
1.03 0.618182
1.03 0.620455
1.03 0.622727
1.04 0.625
1.04 0.627273
1.04 0.629545
1.05 0.631818
1.05 0.634091
1.06 0.636364
1.06 0.638636
1.06 0.640909
1.07 0.643182
1.07 0.645455
1.07 0.647727
1.08 0.65
1.08 0.652273
1.08 0.654545
1.08 0.656818
1.08 0.659091
1.09 0.661364
1.09 0.663636
1.1 0.665909
1.1 0.668182
1.1 0.670455
1.1 0.672727
1.1 0.675
1.11 0.677273
1.11 0.679545
1.12 0.681818
1.12 0.684091
1.13 0.686364
1.13 0.688636
1.13 0.690909
1.14 0.693182
1.14 0.695455
1.15 0.697727
1.15 0.7
1.15 0.702273
1.15 0.704545
1.17 0.706818
1.17 0.709091
1.18 0.711364
1.18 0.713636
1.2 0.715909
1.2 0.718182
1.2 0.720455
1.21 0.722727
1.21 0.725
1.21 0.727273
1.21 0.729545
1.22 0.731818
1.22 0.734091
1.22 0.736364
1.22 0.738636
1.22 0.740909
1.23 0.743182
1.24 0.745455
1.25 0.747727
1.25 0.75
1.25 0.752273
1.26 0.754545
1.26 0.756818
1.27 0.759091
1.27 0.761364
1.28 0.763636
1.29 0.765909
1.3 0.768182
1.3 0.770455
1.31 0.772727
1.31 0.775
1.31 0.777273
1.31 0.779545
1.32 0.781818
1.32 0.784091
1.32 0.786364
1.34 0.788636
1.34 0.790909
1.36 0.793182
1.37 0.795455
1.38 0.797727
1.39 0.8
1.39 0.802273
1.4 0.804545
1.4 0.806818
1.41 0.809091
1.41 0.811364
1.41 0.813636
1.42 0.815909
1.42 0.818182
1.43 0.820455
1.44 0.822727
1.44 0.825
1.45 0.827273
1.45 0.829545
1.45 0.831818
1.46 0.834091
1.46 0.836364
1.47 0.838636
1.47 0.840909
1.48 0.843182
1.48 0.845455
1.49 0.847727
1.5 0.85
1.51 0.852273
1.52 0.854545
1.53 0.856818
1.54 0.859091
1.55 0.861364
1.55 0.863636
1.55 0.865909
1.55 0.868182
1.56 0.870455
1.59 0.872727
1.59 0.875
1.61 0.877273
1.61 0.879545
1.62 0.881818
1.62 0.884091
1.64 0.886364
1.64 0.888636
1.66 0.890909
1.69 0.893182
1.69 0.895455
1.7 0.897727
1.7 0.9
1.71 0.902273
1.71 0.904545
1.71 0.906818
1.72 0.909091
1.72 0.911364
1.74 0.913636
1.75 0.915909
1.78 0.918182
1.78 0.920455
1.78 0.922727
1.79 0.925
1.8 0.927273
1.8 0.929545
1.8 0.931818
1.84 0.934091
1.85 0.936364
1.88 0.938636
1.89 0.940909
1.89 0.943182
1.91 0.945455
1.91 0.947727
1.93 0.95
1.96 0.952273
1.96 0.954545
1.97 0.956818
1.99 0.959091
2.03 0.961364
2.05 0.963636
2.11 0.965909
2.13 0.968182
2.16 0.970455
2.17 0.972727
2.21 0.975
2.22 0.977273
2.29 0.979545
2.3 0.981818
2.34 0.984091
2.41 0.986364
2.46 0.988636
2.47 0.990909
2.62 0.993182
2.72 0.995455
2.76 0.997727
3.08 1.0
