0.04 0.002273
0.23 0.004545
0.27 0.006818
0.45 0.009091
0.48 0.011364
0.57 0.013636
0.63 0.015909
0.65 0.018182
0.71 0.020455
0.74 0.022727
0.75 0.025
0.77 0.027273
0.8 0.029545
0.81 0.031818
0.84 0.034091
0.84 0.036364
0.85 0.038636
0.91 0.040909
0.91 0.043182
0.94 0.045455
0.95 0.047727
0.96 0.05
0.97 0.052273
0.97 0.054545
1.03 0.056818
1.03 0.059091
1.04 0.061364
1.05 0.063636
1.05 0.065909
1.06 0.068182
1.07 0.070455
1.1 0.072727
1.1 0.075
1.11 0.077273
1.14 0.079545
1.14 0.081818
1.14 0.084091
1.15 0.086364
1.15 0.088636
1.17 0.090909
1.2 0.093182
1.22 0.095455
1.23 0.097727
1.24 0.1
1.24 0.102273
1.25 0.104545
1.26 0.106818
1.27 0.109091
1.28 0.111364
1.29 0.113636
1.29 0.115909
1.31 0.118182
1.32 0.120455
1.34 0.122727
1.35 0.125
1.36 0.127273
1.36 0.129545
1.37 0.131818
1.37 0.134091
1.38 0.136364
1.39 0.138636
1.41 0.140909
1.41 0.143182
1.43 0.145455
1.43 0.147727
1.44 0.15
1.44 0.152273
1.45 0.154545
1.46 0.156818
1.46 0.159091
1.48 0.161364
1.48 0.163636
1.49 0.165909
1.49 0.168182
1.5 0.170455
1.51 0.172727
1.52 0.175
1.55 0.177273
1.56 0.179545
1.56 0.181818
1.59 0.184091
1.59 0.186364
1.59 0.188636
1.6 0.190909
1.61 0.193182
1.61 0.195455
1.61 0.197727
1.62 0.2
1.62 0.202273
1.65 0.204545
1.65 0.206818
1.67 0.209091
1.67 0.211364
1.68 0.213636
1.68 0.215909
1.69 0.218182
1.69 0.220455
1.7 0.222727
1.72 0.225
1.72 0.227273
1.73 0.229545
1.74 0.231818
1.75 0.234091
1.75 0.236364
1.76 0.238636
1.78 0.240909
1.83 0.243182
1.84 0.245455
1.85 0.247727
1.85 0.25
1.85 0.252273
1.86 0.254545
1.86 0.256818
1.88 0.259091
1.88 0.261364
1.89 0.263636
1.89 0.265909
1.9 0.268182
1.9 0.270455
1.9 0.272727
1.91 0.275
1.93 0.277273
1.93 0.279545
1.95 0.281818
1.96 0.284091
1.97 0.286364
1.99 0.288636
1.99 0.290909
2.0 0.293182
2.0 0.295455
2.01 0.297727
2.03 0.3
2.03 0.302273
2.07 0.304545
2.07 0.306818
2.07 0.309091
2.08 0.311364
2.09 0.313636
2.1 0.315909
2.1 0.318182
2.1 0.320455
2.11 0.322727
2.12 0.325
2.12 0.327273
2.12 0.329545
2.12 0.331818
2.14 0.334091
2.16 0.336364
2.2 0.338636
2.21 0.340909
2.21 0.343182
2.22 0.345455
2.23 0.347727
2.23 0.35
2.23 0.352273
2.24 0.354545
2.24 0.356818
2.27 0.359091
2.28 0.361364
2.28 0.363636
2.29 0.365909
2.3 0.368182
2.33 0.370455
2.33 0.372727
2.36 0.375
2.36 0.377273
2.36 0.379545
2.39 0.381818
2.41 0.384091
2.44 0.386364
2.45 0.388636
2.46 0.390909
2.5 0.393182
2.51 0.395455
2.52 0.397727
2.52 0.4
2.53 0.402273
2.55 0.404545
2.56 0.406818
2.56 0.409091
2.57 0.411364
2.58 0.413636
2.58 0.415909
2.58 0.418182
2.59 0.420455
2.62 0.422727
2.63 0.425
2.63 0.427273
2.64 0.429545
2.65 0.431818
2.66 0.434091
2.66 0.436364
2.66 0.438636
2.7 0.440909
2.7 0.443182
2.71 0.445455
2.73 0.447727
2.74 0.45
2.74 0.452273
2.74 0.454545
2.75 0.456818
2.75 0.459091
2.77 0.461364
2.77 0.463636
2.78 0.465909
2.79 0.468182
2.8 0.470455
2.8 0.472727
2.8 0.475
2.83 0.477273
2.85 0.479545
2.87 0.481818
2.88 0.484091
2.9 0.486364
2.91 0.488636
2.94 0.490909
2.98 0.493182
3.0 0.495455
3.02 0.497727
3.03 0.5
3.03 0.502273
3.04 0.504545
3.04 0.506818
3.05 0.509091
3.06 0.511364
3.07 0.513636
3.1 0.515909
3.11 0.518182
3.11 0.520455
3.12 0.522727
3.13 0.525
3.16 0.527273
3.17 0.529545
3.18 0.531818
3.18 0.534091
3.19 0.536364
3.24 0.538636
3.26 0.540909
3.27 0.543182
3.28 0.545455
3.3 0.547727
3.32 0.55
3.32 0.552273
3.33 0.554545
3.34 0.556818
3.36 0.559091
3.37 0.561364
3.38 0.563636
3.4 0.565909
3.42 0.568182
3.43 0.570455
3.43 0.572727
3.43 0.575
3.44 0.577273
3.5 0.579545
3.5 0.581818
3.51 0.584091
3.52 0.586364
3.53 0.588636
3.56 0.590909
3.63 0.593182
3.63 0.595455
3.64 0.597727
3.64 0.6
3.64 0.602273
3.64 0.604545
3.67 0.606818
3.68 0.609091
3.68 0.611364
3.68 0.613636
3.72 0.615909
3.76 0.618182
3.79 0.620455
3.8 0.622727
3.81 0.625
3.86 0.627273
3.87 0.629545
3.94 0.631818
3.96 0.634091
3.98 0.636364
3.98 0.638636
4.02 0.640909
4.04 0.643182
4.05 0.645455
4.06 0.647727
4.06 0.65
4.07 0.652273
4.08 0.654545
4.1 0.656818
4.1 0.659091
4.13 0.661364
4.13 0.663636
4.16 0.665909
4.22 0.668182
4.25 0.670455
4.29 0.672727
4.29 0.675
4.31 0.677273
4.32 0.679545
4.33 0.681818
4.36 0.684091
4.38 0.686364
4.38 0.688636
4.39 0.690909
4.4 0.693182
4.47 0.695455
4.47 0.697727
4.48 0.7
4.51 0.702273
4.51 0.704545
4.55 0.706818
4.61 0.709091
4.62 0.711364
4.63 0.713636
4.7 0.715909
4.71 0.718182
4.73 0.720455
4.75 0.722727
4.75 0.725
4.76 0.727273
4.83 0.729545
4.83 0.731818
4.83 0.734091
4.85 0.736364
4.9 0.738636
4.95 0.740909
4.96 0.743182
4.98 0.745455
5.01 0.747727
5.05 0.75
5.05 0.752273
5.06 0.754545
5.07 0.756818
5.08 0.759091
5.15 0.761364
5.18 0.763636
5.23 0.765909
5.28 0.768182
5.3 0.770455
5.31 0.772727
5.39 0.775
5.41 0.777273
5.47 0.779545
5.64 0.781818
5.69 0.784091
5.72 0.786364
5.75 0.788636
5.81 0.790909
5.82 0.793182
5.84 0.795455
5.86 0.797727
5.93 0.8
5.95 0.802273
5.98 0.804545
6.0 0.806818
6.02 0.809091
6.04 0.811364
6.07 0.813636
6.07 0.815909
6.08 0.818182
6.08 0.820455
6.14 0.822727
6.21 0.825
6.22 0.827273
6.22 0.829545
6.31 0.831818
6.33 0.834091
6.39 0.836364
6.51 0.838636
6.52 0.840909
6.53 0.843182
6.53 0.845455
6.75 0.847727
6.8 0.85
6.88 0.852273
6.88 0.854545
6.92 0.856818
6.93 0.859091
6.95 0.861364
6.97 0.863636
6.99 0.865909
6.99 0.868182
7.0 0.870455
7.15 0.872727
7.43 0.875
7.48 0.877273
7.5 0.879545
7.52 0.881818
7.54 0.884091
7.6 0.886364
7.62 0.888636
7.66 0.890909
7.67 0.893182
7.73 0.895455
7.8 0.897727
8.1 0.9
8.11 0.902273
8.12 0.904545
8.14 0.906818
8.23 0.909091
8.27 0.911364
8.34 0.913636
8.38 0.915909
8.45 0.918182
8.66 0.920455
8.93 0.922727
8.95 0.925
9.1 0.927273
9.12 0.929545
9.16 0.931818
9.2 0.934091
9.49 0.936364
9.5 0.938636
9.53 0.940909
9.75 0.943182
9.9 0.945455
9.95 0.947727
10.12 0.95
10.21 0.952273
10.3 0.954545
10.32 0.956818
10.32 0.959091
10.56 0.961364
10.72 0.963636
10.84 0.965909
10.97 0.968182
11.01 0.970455
11.02 0.972727
11.07 0.975
11.26 0.977273
11.28 0.979545
12.16 0.981818
12.51 0.984091
12.52 0.986364
12.81 0.988636
12.85 0.990909
13.58 0.993182
13.62 0.995455
14.84 0.997727
15.01 1.0
