0.04 0.00625
0.09 0.0125
0.09 0.01875
0.1 0.025
0.1 0.03125
0.15 0.0375
0.15 0.04375
0.18 0.05
0.21 0.05625
0.21 0.0625
0.22 0.06875
0.22 0.075
0.23 0.08125
0.24 0.0875
0.31 0.09375
0.31 0.1
0.31 0.10625
0.32 0.1125
0.33 0.11875
0.37 0.125
0.39 0.13125
0.39 0.1375
0.4 0.14375
0.43 0.15
0.46 0.15625
0.48 0.1625
0.48 0.16875
0.5 0.175
0.5 0.18125
0.5 0.1875
0.53 0.19375
0.53 0.2
0.53 0.20625
0.58 0.2125
0.59 0.21875
0.6 0.225
0.65 0.23125
0.7 0.2375
0.71 0.24375
0.71 0.25
0.74 0.25625
0.74 0.2625
0.75 0.26875
0.78 0.275
0.78 0.28125
0.81 0.2875
0.83 0.29375
0.84 0.3
0.88 0.30625
0.88 0.3125
0.9 0.31875
0.9 0.325
0.92 0.33125
0.95 0.3375
0.96 0.34375
1.01 0.35
1.02 0.35625
1.02 0.3625
1.03 0.36875
1.04 0.375
1.05 0.38125
1.1 0.3875
1.1 0.39375
1.13 0.4
1.13 0.40625
1.14 0.4125
1.14 0.41875
1.17 0.425
1.23 0.43125
1.3 0.4375
1.31 0.44375
1.35 0.45
1.36 0.45625
1.37 0.4625
1.38 0.46875
1.39 0.475
1.42 0.48125
1.42 0.4875
1.48 0.49375
1.48 0.5
1.51 0.50625
1.53 0.5125
1.56 0.51875
1.58 0.525
1.6 0.53125
1.63 0.5375
1.65 0.54375
1.67 0.55
1.67 0.55625
1.7 0.5625
1.7 0.56875
1.75 0.575
1.75 0.58125
1.77 0.5875
1.81 0.59375
1.81 0.6
1.85 0.60625
1.92 0.6125
2.0 0.61875
2.01 0.625
2.07 0.63125
2.14 0.6375
2.32 0.64375
2.33 0.65
2.38 0.65625
2.51 0.6625
2.53 0.66875
2.55 0.675
2.55 0.68125
2.59 0.6875
2.63 0.69375
2.72 0.7
2.73 0.70625
2.79 0.7125
2.85 0.71875
2.94 0.725
3.04 0.73125
3.13 0.7375
3.17 0.74375
3.18 0.75
3.19 0.75625
3.21 0.7625
3.27 0.76875
3.41 0.775
3.42 0.78125
3.47 0.7875
3.49 0.79375
3.51 0.8
3.62 0.80625
3.85 0.8125
4.06 0.81875
4.1 0.825
4.24 0.83125
4.6 0.8375
4.62 0.84375
4.63 0.85
4.64 0.85625
4.77 0.8625
4.84 0.86875
4.91 0.875
5.05 0.88125
5.05 0.8875
5.15 0.89375
5.28 0.9
5.34 0.90625
5.4 0.9125
5.69 0.91875
5.89 0.925
6.11 0.93125
6.47 0.9375
6.66 0.94375
7.09 0.95
7.85 0.95625
8.48 0.9625
8.54 0.96875
8.57 0.975
9.6 0.98125
11.14 0.9875
11.88 0.99375
13.16 1.0
