0.01 0.00625
0.04 0.0125
0.05 0.01875
0.05 0.025
0.06 0.03125
0.07 0.0375
0.09 0.04375
0.09 0.05
0.1 0.05625
0.1 0.0625
0.11 0.06875
0.11 0.075
0.12 0.08125
0.13 0.0875
0.15 0.09375
0.16 0.1
0.17 0.10625
0.18 0.1125
0.18 0.11875
0.2 0.125
0.2 0.13125
0.21 0.1375
0.22 0.14375
0.22 0.15
0.24 0.15625
0.24 0.1625
0.25 0.16875
0.25 0.175
0.27 0.18125
0.27 0.1875
0.28 0.19375
0.29 0.2
0.3 0.20625
0.31 0.2125
0.32 0.21875
0.33 0.225
0.33 0.23125
0.34 0.2375
0.34 0.24375
0.36 0.25
0.38 0.25625
0.38 0.2625
0.41 0.26875
0.41 0.275
0.42 0.28125
0.43 0.2875
0.43 0.29375
0.45 0.3
0.47 0.30625
0.48 0.3125
0.49 0.31875
0.5 0.325
0.5 0.33125
0.5 0.3375
0.55 0.34375
0.55 0.35
0.55 0.35625
0.56 0.3625
0.57 0.36875
0.59 0.375
0.59 0.38125
0.6 0.3875
0.62 0.39375
0.65 0.4
0.67 0.40625
0.68 0.4125
0.68 0.41875
0.7 0.425
0.7 0.43125
0.72 0.4375
0.73 0.44375
0.74 0.45
0.75 0.45625
0.75 0.4625
0.75 0.46875
0.76 0.475
0.77 0.48125
0.82 0.4875
0.84 0.49375
0.84 0.5
0.84 0.50625
0.84 0.5125
0.9 0.51875
0.91 0.525
0.92 0.53125
0.92 0.5375
0.92 0.54375
0.95 0.55
0.98 0.55625
0.98 0.5625
0.98 0.56875
0.99 0.575
1.01 0.58125
1.03 0.5875
1.09 0.59375
1.09 0.6
1.09 0.60625
1.13 0.6125
1.13 0.61875
1.16 0.625
1.16 0.63125
1.16 0.6375
1.16 0.64375
1.19 0.65
1.2 0.65625
1.25 0.6625
1.25 0.66875
1.25 0.675
1.26 0.68125
1.27 0.6875
1.31 0.69375
1.32 0.7
1.36 0.70625
1.42 0.7125
1.47 0.71875
1.47 0.725
1.49 0.73125
1.49 0.7375
1.56 0.74375
1.57 0.75
1.59 0.75625
1.59 0.7625
1.63 0.76875
1.65 0.775
1.66 0.78125
1.7 0.7875
1.74 0.79375
1.81 0.8
1.89 0.80625
1.98 0.8125
2.02 0.81875
2.14 0.825
2.22 0.83125
2.32 0.8375
2.43 0.84375
2.44 0.85
2.45 0.85625
2.48 0.8625
2.6 0.86875
2.6 0.875
2.69 0.88125
2.73 0.8875
2.76 0.89375
2.87 0.9
2.89 0.90625
2.92 0.9125
2.98 0.91875
3.06 0.925
3.07 0.93125
3.09 0.9375
3.36 0.94375
3.45 0.95
3.48 0.95625
3.64 0.9625
3.76 0.96875
4.07 0.975
4.2 0.98125
4.83 0.9875
5.51 0.99375
6.6 1.0
