0.0 0.00625
0.01 0.0125
0.01 0.01875
0.02 0.025
0.02 0.03125
0.02 0.0375
0.02 0.04375
0.02 0.05
0.03 0.05625
0.03 0.0625
0.04 0.06875
0.05 0.075
0.05 0.08125
0.06 0.0875
0.06 0.09375
0.07 0.1
0.08 0.10625
0.08 0.1125
0.08 0.11875
0.09 0.125
0.09 0.13125
0.1 0.1375
0.1 0.14375
0.1 0.15
0.1 0.15625
0.1 0.1625
0.11 0.16875
0.12 0.175
0.12 0.18125
0.14 0.1875
0.14 0.19375
0.15 0.2
0.15 0.20625
0.15 0.2125
0.16 0.21875
0.16 0.225
0.17 0.23125
0.19 0.2375
0.2 0.24375
0.2 0.25
0.21 0.25625
0.23 0.2625
0.23 0.26875
0.24 0.275
0.24 0.28125
0.24 0.2875
0.26 0.29375
0.28 0.3
0.3 0.30625
0.3 0.3125
0.3 0.31875
0.3 0.325
0.3 0.33125
0.31 0.3375
0.31 0.34375
0.31 0.35
0.31 0.35625
0.31 0.3625
0.31 0.36875
0.32 0.375
0.32 0.38125
0.32 0.3875
0.32 0.39375
0.33 0.4
0.34 0.40625
0.35 0.4125
0.37 0.41875
0.37 0.425
0.39 0.43125
0.39 0.4375
0.39 0.44375
0.39 0.45
0.4 0.45625
0.4 0.4625
0.41 0.46875
0.43 0.475
0.44 0.48125
0.44 0.4875
0.44 0.49375
0.44 0.5
0.45 0.50625
0.46 0.5125
0.46 0.51875
0.47 0.525
0.48 0.53125
0.49 0.5375
0.49 0.54375
0.51 0.55
0.52 0.55625
0.53 0.5625
0.54 0.56875
0.56 0.575
0.58 0.58125
0.58 0.5875
0.63 0.59375
0.64 0.6
0.64 0.60625
0.65 0.6125
0.66 0.61875
0.68 0.625
0.7 0.63125
0.7 0.6375
0.71 0.64375
0.74 0.65
0.75 0.65625
0.75 0.6625
0.76 0.66875
0.76 0.675
0.81 0.68125
0.81 0.6875
0.82 0.69375
0.83 0.7
0.89 0.70625
0.89 0.7125
0.91 0.71875
0.95 0.725
0.96 0.73125
0.97 0.7375
0.99 0.74375
1.0 0.75
1.0 0.75625
1.02 0.7625
1.03 0.76875
1.03 0.775
1.04 0.78125
1.04 0.7875
1.05 0.79375
1.07 0.8
1.07 0.80625
1.08 0.8125
1.08 0.81875
1.09 0.825
1.09 0.83125
1.11 0.8375
1.12 0.84375
1.12 0.85
1.16 0.85625
1.16 0.8625
1.22 0.86875
1.24 0.875
1.27 0.88125
1.28 0.8875
1.35 0.89375
1.44 0.9
1.53 0.90625
1.68 0.9125
1.76 0.91875
1.77 0.925
1.85 0.93125
1.85 0.9375
1.86 0.94375
1.91 0.95
1.93 0.95625
1.95 0.9625
2.0 0.96875
2.1 0.975
2.14 0.98125
2.18 0.9875
2.22 0.99375
2.85 1.0
