0.35 0.01
0.41 0.02
0.55 0.03
0.66 0.04
0.71 0.05
1.1 0.06
1.16 0.07
1.26 0.08
1.26 0.09
1.27 0.1
1.29 0.11
1.29 0.12
1.29 0.13
1.3 0.14
1.33 0.15
1.34 0.16
1.35 0.17
1.35 0.18
1.35 0.19
1.39 0.2
1.39 0.21
1.39 0.22
1.42 0.23
1.43 0.24
1.43 0.25
1.43 0.26
1.44 0.27
1.46 0.28
1.46 0.29
1.47 0.3
1.47 0.31
1.56 0.32
1.58 0.33
1.59 0.34
1.61 0.35
1.62 0.36
1.65 0.37
1.68 0.38
1.69 0.39
1.69 0.4
1.71 0.41
1.71 0.42
1.73 0.43
1.75 0.44
1.78 0.45
1.85 0.46
1.86 0.47
1.87 0.48
1.87 0.49
1.91 0.5
1.93 0.51
1.96 0.52
2.0 0.53
2.02 0.54
2.08 0.55
2.13 0.56
2.13 0.57
2.15 0.58
2.24 0.59
2.26 0.6
2.27 0.61
2.28 0.62
2.29 0.63
2.34 0.64
2.35 0.65
2.57 0.66
2.6 0.67
2.6 0.68
2.62 0.69
2.63 0.7
2.63 0.71
2.66 0.72
2.67 0.73
2.7 0.74
2.83 0.75
2.83 0.76
2.96 0.77
2.98 0.78
3.14 0.79
3.15 0.8
3.18 0.81
3.19 0.82
3.23 0.83
3.25 0.84
3.27 0.85
3.32 0.86
3.33 0.87
3.38 0.88
3.39 0.89
3.4 0.9
3.4 0.91
3.4 0.92
3.42 0.93
3.43 0.94
3.44 0.95
3.48 0.96
3.53 0.97
3.55 0.98
3.65 0.99
3.69 1.0
