1.72 0.002273
1.9 0.004545
2.03 0.006818
2.05 0.009091
2.06 0.011364
2.11 0.013636
2.12 0.015909
2.18 0.018182
2.2 0.020455
2.2 0.022727
2.24 0.025
2.25 0.027273
2.26 0.029545
2.28 0.031818
2.29 0.034091
2.29 0.036364
2.29 0.038636
2.29 0.040909
2.3 0.043182
2.3 0.045455
2.31 0.047727
2.32 0.05
2.34 0.052273
2.35 0.054545
2.35 0.056818
2.36 0.059091
2.36 0.061364
2.36 0.063636
2.37 0.065909
2.38 0.068182
2.39 0.070455
2.4 0.072727
2.4 0.075
2.41 0.077273
2.41 0.079545
2.41 0.081818
2.42 0.084091
2.45 0.086364
2.46 0.088636
2.46 0.090909
2.46 0.093182
2.46 0.095455
2.46 0.097727
2.46 0.1
2.47 0.102273
2.47 0.104545
2.47 0.106818
2.48 0.109091
2.48 0.111364
2.49 0.113636
2.49 0.115909
2.5 0.118182
2.5 0.120455
2.52 0.122727
2.52 0.125
2.53 0.127273
2.54 0.129545
2.55 0.131818
2.55 0.134091
2.55 0.136364
2.55 0.138636
2.55 0.140909
2.55 0.143182
2.56 0.145455
2.56 0.147727
2.57 0.15
2.57 0.152273
2.58 0.154545
2.59 0.156818
2.6 0.159091
2.61 0.161364
2.61 0.163636
2.62 0.165909
2.62 0.168182
2.62 0.170455
2.62 0.172727
2.63 0.175
2.63 0.177273
2.64 0.179545
2.64 0.181818
2.65 0.184091
2.65 0.186364
2.66 0.188636
2.67 0.190909
2.67 0.193182
2.68 0.195455
2.68 0.197727
2.68 0.2
2.69 0.202273
2.7 0.204545
2.7 0.206818
2.7 0.209091
2.7 0.211364
2.71 0.213636
2.71 0.215909
2.71 0.218182
2.72 0.220455
2.72 0.222727
2.72 0.225
2.72 0.227273
2.72 0.229545
2.73 0.231818
2.73 0.234091
2.74 0.236364
2.74 0.238636
2.75 0.240909
2.75 0.243182
2.75 0.245455
2.75 0.247727
2.76 0.25
2.76 0.252273
2.77 0.254545
2.78 0.256818
2.78 0.259091
2.79 0.261364
2.79 0.263636
2.79 0.265909
2.79 0.268182
2.79 0.270455
2.8 0.272727
2.8 0.275
2.8 0.277273
2.81 0.279545
2.81 0.281818
2.81 0.284091
2.81 0.286364
2.81 0.288636
2.82 0.290909
2.83 0.293182
2.83 0.295455
2.83 0.297727
2.84 0.3
2.85 0.302273
2.85 0.304545
2.85 0.306818
2.85 0.309091
2.86 0.311364
2.86 0.313636
2.86 0.315909
2.87 0.318182
2.87 0.320455
2.87 0.322727
2.87 0.325
2.87 0.327273
2.87 0.329545
2.87 0.331818
2.88 0.334091
2.88 0.336364
2.89 0.338636
2.89 0.340909
2.89 0.343182
2.89 0.345455
2.9 0.347727
2.9 0.35
2.9 0.352273
2.9 0.354545
2.91 0.356818
2.91 0.359091
2.91 0.361364
2.91 0.363636
2.92 0.365909
2.92 0.368182
2.92 0.370455
2.92 0.372727
2.92 0.375
2.92 0.377273
2.92 0.379545
2.92 0.381818
2.93 0.384091
2.93 0.386364
2.93 0.388636
2.94 0.390909
2.94 0.393182
2.95 0.395455
2.95 0.397727
2.95 0.4
2.95 0.402273
2.95 0.404545
2.96 0.406818
2.96 0.409091
2.96 0.411364
2.97 0.413636
2.97 0.415909
2.97 0.418182
2.97 0.420455
2.97 0.422727
2.97 0.425
2.98 0.427273
2.98 0.429545
2.99 0.431818
3.0 0.434091
3.0 0.436364
3.0 0.438636
3.0 0.440909
3.0 0.443182
3.01 0.445455
3.01 0.447727
3.01 0.45
3.01 0.452273
3.02 0.454545
3.02 0.456818
3.02 0.459091
3.03 0.461364
3.03 0.463636
3.03 0.465909
3.04 0.468182
3.04 0.470455
3.05 0.472727
3.05 0.475
3.05 0.477273
3.06 0.479545
3.07 0.481818
3.07 0.484091
3.07 0.486364
3.08 0.488636
3.08 0.490909
3.08 0.493182
3.08 0.495455
3.09 0.497727
3.1 0.5
3.1 0.502273
3.11 0.504545
3.11 0.506818
3.12 0.509091
3.12 0.511364
3.12 0.513636
3.13 0.515909
3.13 0.518182
3.13 0.520455
3.14 0.522727
3.14 0.525
3.14 0.527273
3.14 0.529545
3.15 0.531818
3.15 0.534091
3.15 0.536364
3.15 0.538636
3.16 0.540909
3.16 0.543182
3.16 0.545455
3.17 0.547727
3.17 0.55
3.18 0.552273
3.19 0.554545
3.19 0.556818
3.19 0.559091
3.2 0.561364
3.21 0.563636
3.21 0.565909
3.21 0.568182
3.21 0.570455
3.23 0.572727
3.23 0.575
3.24 0.577273
3.24 0.579545
3.24 0.581818
3.25 0.584091
3.25 0.586364
3.26 0.588636
3.26 0.590909
3.28 0.593182
3.28 0.595455
3.29 0.597727
3.29 0.6
3.29 0.602273
3.31 0.604545
3.31 0.606818
3.32 0.609091
3.32 0.611364
3.32 0.613636
3.33 0.615909
3.33 0.618182
3.33 0.620455
3.34 0.622727
3.34 0.625
3.35 0.627273
3.36 0.629545
3.36 0.631818
3.36 0.634091
3.36 0.636364
3.36 0.638636
3.37 0.640909
3.38 0.643182
3.38 0.645455
3.4 0.647727
3.42 0.65
3.42 0.652273
3.42 0.654545
3.44 0.656818
3.45 0.659091
3.45 0.661364
3.45 0.663636
3.46 0.665909
3.47 0.668182
3.47 0.670455
3.48 0.672727
3.48 0.675
3.49 0.677273
3.51 0.679545
3.51 0.681818
3.52 0.684091
3.54 0.686364
3.54 0.688636
3.57 0.690909
3.59 0.693182
3.59 0.695455
3.6 0.697727
3.6 0.7
3.61 0.702273
3.61 0.704545
3.61 0.706818
3.61 0.709091
3.62 0.711364
3.62 0.713636
3.62 0.715909
3.65 0.718182
3.65 0.720455
3.65 0.722727
3.66 0.725
3.66 0.727273
3.67 0.729545
3.67 0.731818
3.68 0.734091
3.69 0.736364
3.71 0.738636
3.72 0.740909
3.73 0.743182
3.74 0.745455
3.74 0.747727
3.75 0.75
3.76 0.752273
3.78 0.754545
3.79 0.756818
3.8 0.759091
3.8 0.761364
3.81 0.763636
3.82 0.765909
3.82 0.768182
3.83 0.770455
3.85 0.772727
3.85 0.775
3.86 0.777273
3.86 0.779545
3.88 0.781818
3.89 0.784091
3.89 0.786364
3.9 0.788636
3.91 0.790909
3.92 0.793182
3.92 0.795455
3.94 0.797727
3.94 0.8
3.95 0.802273
3.95 0.804545
3.96 0.806818
3.98 0.809091
3.99 0.811364
4.0 0.813636
4.01 0.815909
4.01 0.818182
4.02 0.820455
4.03 0.822727
4.03 0.825
4.04 0.827273
4.06 0.829545
4.06 0.831818
4.06 0.834091
4.06 0.836364
4.06 0.838636
4.07 0.840909
4.08 0.843182
4.08 0.845455
4.09 0.847727
4.1 0.85
4.1 0.852273
4.11 0.854545
4.11 0.856818
4.12 0.859091
4.12 0.861364
4.14 0.863636
4.14 0.865909
4.15 0.868182
4.15 0.870455
4.16 0.872727
4.17 0.875
4.19 0.877273
4.19 0.879545
4.2 0.881818
4.21 0.884091
4.22 0.886364
4.22 0.888636
4.23 0.890909
4.24 0.893182
4.25 0.895455
4.25 0.897727
4.26 0.9
4.27 0.902273
4.3 0.904545
4.31 0.906818
4.32 0.909091
4.33 0.911364
4.33 0.913636
4.36 0.915909
4.36 0.918182
4.36 0.920455
4.37 0.922727
4.37 0.925
4.41 0.927273
4.42 0.929545
4.43 0.931818
4.44 0.934091
4.44 0.936364
4.45 0.938636
4.47 0.940909
4.54 0.943182
4.54 0.945455
4.57 0.947727
4.58 0.95
4.6 0.952273
4.63 0.954545
4.66 0.956818
4.66 0.959091
4.69 0.961364
4.7 0.963636
4.7 0.965909
4.74 0.968182
4.77 0.970455
4.82 0.972727
4.88 0.975
4.89 0.977273
4.91 0.979545
4.92 0.981818
4.93 0.984091
5.09 0.986364
5.09 0.988636
5.16 0.990909
5.3 0.993182
5.33 0.995455
5.7 0.997727
7.12 1.0
