0.16 0.002273
0.17 0.004545
0.27 0.006818
0.29 0.009091
0.3 0.011364
0.43 0.013636
0.49 0.015909
0.57 0.018182
0.57 0.020455
0.59 0.022727
0.63 0.025
0.64 0.027273
0.64 0.029545
0.68 0.031818
0.69 0.034091
0.72 0.036364
0.72 0.038636
0.73 0.040909
0.74 0.043182
0.75 0.045455
0.75 0.047727
0.75 0.05
0.75 0.052273
0.77 0.054545
0.78 0.056818
0.82 0.059091
0.82 0.061364
0.84 0.063636
0.84 0.065909
0.85 0.068182
0.85 0.070455
0.87 0.072727
0.87 0.075
0.9 0.077273
0.91 0.079545
0.94 0.081818
0.96 0.084091
0.99 0.086364
1.0 0.088636
1.0 0.090909
1.01 0.093182
1.08 0.095455
1.08 0.097727
1.1 0.1
1.13 0.102273
1.14 0.104545
1.14 0.106818
1.15 0.109091
1.15 0.111364
1.16 0.113636
1.17 0.115909
1.2 0.118182
1.21 0.120455
1.22 0.122727
1.22 0.125
1.23 0.127273
1.23 0.129545
1.24 0.131818
1.26 0.134091
1.26 0.136364
1.26 0.138636
1.26 0.140909
1.28 0.143182
1.31 0.145455
1.31 0.147727
1.32 0.15
1.32 0.152273
1.32 0.154545
1.33 0.156818
1.34 0.159091
1.35 0.161364
1.36 0.163636
1.36 0.165909
1.37 0.168182
1.37 0.170455
1.38 0.172727
1.39 0.175
1.39 0.177273
1.4 0.179545
1.44 0.181818
1.44 0.184091
1.44 0.186364
1.44 0.188636
1.44 0.190909
1.45 0.193182
1.45 0.195455
1.49 0.197727
1.5 0.2
1.51 0.202273
1.51 0.204545
1.51 0.206818
1.52 0.209091
1.53 0.211364
1.53 0.213636
1.57 0.215909
1.57 0.218182
1.58 0.220455
1.61 0.222727
1.61 0.225
1.62 0.227273
1.63 0.229545
1.64 0.231818
1.64 0.234091
1.64 0.236364
1.64 0.238636
1.65 0.240909
1.66 0.243182
1.67 0.245455
1.67 0.247727
1.67 0.25
1.68 0.252273
1.7 0.254545
1.72 0.256818
1.72 0.259091
1.72 0.261364
1.73 0.263636
1.73 0.265909
1.75 0.268182
1.76 0.270455
1.77 0.272727
1.77 0.275
1.79 0.277273
1.79 0.279545
1.8 0.281818
1.8 0.284091
1.81 0.286364
1.81 0.288636
1.82 0.290909
1.82 0.293182
1.85 0.295455
1.85 0.297727
1.86 0.3
1.86 0.302273
1.86 0.304545
1.86 0.306818
1.87 0.309091
1.88 0.311364
1.9 0.313636
1.9 0.315909
1.9 0.318182
1.9 0.320455
1.91 0.322727
1.91 0.325
1.92 0.327273
1.92 0.329545
1.93 0.331818
1.94 0.334091
1.95 0.336364
1.96 0.338636
1.96 0.340909
1.96 0.343182
1.97 0.345455
1.98 0.347727
1.99 0.35
2.0 0.352273
2.0 0.354545
2.0 0.356818
2.0 0.359091
2.0 0.361364
2.0 0.363636
2.01 0.365909
2.02 0.368182
2.03 0.370455
2.03 0.372727
2.03 0.375
2.04 0.377273
2.04 0.379545
2.04 0.381818
2.04 0.384091
2.05 0.386364
2.06 0.388636
2.07 0.390909
2.07 0.393182
2.07 0.395455
2.07 0.397727
2.09 0.4
2.09 0.402273
2.09 0.404545
2.09 0.406818
2.1 0.409091
2.11 0.411364
2.11 0.413636
2.12 0.415909
2.13 0.418182
2.14 0.420455
2.15 0.422727
2.15 0.425
2.15 0.427273
2.15 0.429545
2.16 0.431818
2.17 0.434091
2.18 0.436364
2.18 0.438636
2.19 0.440909
2.19 0.443182
2.2 0.445455
2.21 0.447727
2.22 0.45
2.22 0.452273
2.22 0.454545
2.22 0.456818
2.22 0.459091
2.22 0.461364
2.23 0.463636
2.23 0.465909
2.24 0.468182
2.24 0.470455
2.24 0.472727
2.24 0.475
2.24 0.477273
2.25 0.479545
2.25 0.481818
2.26 0.484091
2.27 0.486364
2.27 0.488636
2.27 0.490909
2.27 0.493182
2.28 0.495455
2.29 0.497727
2.3 0.5
2.3 0.502273
2.31 0.504545
2.31 0.506818
2.33 0.509091
2.33 0.511364
2.34 0.513636
2.35 0.515909
2.38 0.518182
2.38 0.520455
2.4 0.522727
2.41 0.525
2.42 0.527273
2.42 0.529545
2.43 0.531818
2.43 0.534091
2.43 0.536364
2.43 0.538636
2.45 0.540909
2.45 0.543182
2.45 0.545455
2.46 0.547727
2.46 0.55
2.46 0.552273
2.47 0.554545
2.49 0.556818
2.51 0.559091
2.52 0.561364
2.54 0.563636
2.55 0.565909
2.56 0.568182
2.57 0.570455
2.58 0.572727
2.58 0.575
2.59 0.577273
2.6 0.579545
2.61 0.581818
2.62 0.584091
2.62 0.586364
2.63 0.588636
2.64 0.590909
2.66 0.593182
2.67 0.595455
2.68 0.597727
2.69 0.6
2.69 0.602273
2.7 0.604545
2.72 0.606818
2.72 0.609091
2.73 0.611364
2.77 0.613636
2.77 0.615909
2.79 0.618182
2.8 0.620455
2.81 0.622727
2.81 0.625
2.82 0.627273
2.83 0.629545
2.85 0.631818
2.88 0.634091
2.89 0.636364
2.89 0.638636
2.91 0.640909
2.91 0.643182
2.92 0.645455
2.93 0.647727
2.95 0.65
2.95 0.652273
2.95 0.654545
2.97 0.656818
2.97 0.659091
2.97 0.661364
2.99 0.663636
3.0 0.665909
3.01 0.668182
3.02 0.670455
3.02 0.672727
3.04 0.675
3.05 0.677273
3.05 0.679545
3.06 0.681818
3.08 0.684091
3.08 0.686364
3.09 0.688636
3.1 0.690909
3.1 0.693182
3.11 0.695455
3.12 0.697727
3.13 0.7
3.14 0.702273
3.14 0.704545
3.14 0.706818
3.15 0.709091
3.15 0.711364
3.16 0.713636
3.18 0.715909
3.2 0.718182
3.24 0.720455
3.24 0.722727
3.25 0.725
3.27 0.727273
3.27 0.729545
3.28 0.731818
3.28 0.734091
3.29 0.736364
3.3 0.738636
3.31 0.740909
3.31 0.743182
3.32 0.745455
3.37 0.747727
3.37 0.75
3.37 0.752273
3.38 0.754545
3.4 0.756818
3.4 0.759091
3.4 0.761364
3.42 0.763636
3.45 0.765909
3.47 0.768182
3.47 0.770455
3.47 0.772727
3.48 0.775
3.51 0.777273
3.52 0.779545
3.55 0.781818
3.56 0.784091
3.57 0.786364
3.57 0.788636
3.59 0.790909
3.6 0.793182
3.61 0.795455
3.66 0.797727
3.66 0.8
3.67 0.802273
3.67 0.804545
3.68 0.806818
3.68 0.809091
3.7 0.811364
3.71 0.813636
3.72 0.815909
3.73 0.818182
3.76 0.820455
3.77 0.822727
3.78 0.825
3.78 0.827273
3.84 0.829545
3.85 0.831818
3.86 0.834091
3.88 0.836364
3.88 0.838636
3.89 0.840909
3.91 0.843182
3.92 0.845455
3.93 0.847727
3.96 0.85
4.0 0.852273
4.02 0.854545
4.04 0.856818
4.05 0.859091
4.07 0.861364
4.12 0.863636
4.15 0.865909
4.16 0.868182
4.16 0.870455
4.17 0.872727
4.17 0.875
4.18 0.877273
4.19 0.879545
4.2 0.881818
4.23 0.884091
4.25 0.886364
4.29 0.888636
4.3 0.890909
4.31 0.893182
4.32 0.895455
4.39 0.897727
4.43 0.9
4.45 0.902273
4.46 0.904545
4.52 0.906818
4.53 0.909091
4.55 0.911364
4.66 0.913636
4.67 0.915909
4.68 0.918182
4.68 0.920455
4.68 0.922727
4.69 0.925
4.69 0.927273
4.74 0.929545
4.74 0.931818
4.8 0.934091
4.82 0.936364
4.87 0.938636
4.87 0.940909
4.88 0.943182
4.88 0.945455
4.9 0.947727
4.9 0.95
4.91 0.952273
4.92 0.954545
4.99 0.956818
5.0 0.959091
5.05 0.961364
5.08 0.963636
5.11 0.965909
5.14 0.968182
5.19 0.970455
5.2 0.972727
5.27 0.975
5.3 0.977273
5.4 0.979545
5.43 0.981818
5.47 0.984091
5.59 0.986364
5.73 0.988636
5.79 0.990909
5.81 0.993182
6.07 0.995455
6.08 0.997727
6.7 1.0
