0.14 0.002273
0.21 0.004545
0.26 0.006818
0.35 0.009091
0.36 0.011364
0.37 0.013636
0.38 0.015909
0.39 0.018182
0.4 0.020455
0.42 0.022727
0.46 0.025
0.47 0.027273
0.47 0.029545
0.47 0.031818
0.47 0.034091
0.48 0.036364
0.49 0.038636
0.49 0.040909
0.49 0.043182
0.5 0.045455
0.5 0.047727
0.5 0.05
0.5 0.052273
0.5 0.054545
0.5 0.056818
0.51 0.059091
0.51 0.061364
0.51 0.063636
0.51 0.065909
0.53 0.068182
0.53 0.070455
0.54 0.072727
0.54 0.075
0.55 0.077273
0.55 0.079545
0.55 0.081818
0.55 0.084091
0.55 0.086364
0.56 0.088636
0.56 0.090909
0.56 0.093182
0.57 0.095455
0.57 0.097727
0.58 0.1
0.58 0.102273
0.58 0.104545
0.59 0.106818
0.59 0.109091
0.6 0.111364
0.6 0.113636
0.61 0.115909
0.61 0.118182
0.62 0.120455
0.62 0.122727
0.62 0.125
0.62 0.127273
0.62 0.129545
0.63 0.131818
0.63 0.134091
0.63 0.136364
0.64 0.138636
0.64 0.140909
0.64 0.143182
0.65 0.145455
0.65 0.147727
0.65 0.15
0.66 0.152273
0.66 0.154545
0.67 0.156818
0.67 0.159091
0.68 0.161364
0.69 0.163636
0.69 0.165909
0.69 0.168182
0.69 0.170455
0.69 0.172727
0.69 0.175
0.7 0.177273
0.7 0.179545
0.7 0.181818
0.7 0.184091
0.71 0.186364
0.72 0.188636
0.72 0.190909
0.72 0.193182
0.72 0.195455
0.73 0.197727
0.73 0.2
0.73 0.202273
0.74 0.204545
0.74 0.206818
0.74 0.209091
0.74 0.211364
0.74 0.213636
0.75 0.215909
0.76 0.218182
0.76 0.220455
0.76 0.222727
0.76 0.225
0.77 0.227273
0.77 0.229545
0.77 0.231818
0.77 0.234091
0.77 0.236364
0.79 0.238636
0.8 0.240909
0.8 0.243182
0.8 0.245455
0.81 0.247727
0.81 0.25
0.81 0.252273
0.81 0.254545
0.81 0.256818
0.82 0.259091
0.83 0.261364
0.83 0.263636
0.84 0.265909
0.84 0.268182
0.85 0.270455
0.85 0.272727
0.85 0.275
0.85 0.277273
0.85 0.279545
0.86 0.281818
0.86 0.284091
0.87 0.286364
0.87 0.288636
0.87 0.290909
0.87 0.293182
0.88 0.295455
0.88 0.297727
0.88 0.3
0.88 0.302273
0.88 0.304545
0.88 0.306818
0.88 0.309091
0.88 0.311364
0.89 0.313636
0.9 0.315909
0.9 0.318182
0.9 0.320455
0.9 0.322727
0.91 0.325
0.91 0.327273
0.91 0.329545
0.91 0.331818
0.91 0.334091
0.92 0.336364
0.92 0.338636
0.92 0.340909
0.92 0.343182
0.92 0.345455
0.92 0.347727
0.93 0.35
0.93 0.352273
0.93 0.354545
0.93 0.356818
0.93 0.359091
0.94 0.361364
0.94 0.363636
0.94 0.365909
0.95 0.368182
0.95 0.370455
0.95 0.372727
0.95 0.375
0.95 0.377273
0.96 0.379545
0.96 0.381818
0.96 0.384091
0.96 0.386364
0.96 0.388636
0.96 0.390909
0.97 0.393182
0.97 0.395455
0.97 0.397727
0.97 0.4
0.98 0.402273
0.98 0.404545
0.98 0.406818
0.99 0.409091
0.99 0.411364
0.99 0.413636
0.99 0.415909
0.99 0.418182
0.99 0.420455
0.99 0.422727
1.0 0.425
1.0 0.427273
1.0 0.429545
1.0 0.431818
1.0 0.434091
1.01 0.436364
1.01 0.438636
1.01 0.440909
1.02 0.443182
1.02 0.445455
1.02 0.447727
1.02 0.45
1.02 0.452273
1.02 0.454545
1.02 0.456818
1.02 0.459091
1.03 0.461364
1.03 0.463636
1.03 0.465909
1.03 0.468182
1.03 0.470455
1.03 0.472727
1.04 0.475
1.04 0.477273
1.04 0.479545
1.04 0.481818
1.04 0.484091
1.04 0.486364
1.04 0.488636
1.05 0.490909
1.05 0.493182
1.05 0.495455
1.05 0.497727
1.05 0.5
1.05 0.502273
1.05 0.504545
1.05 0.506818
1.05 0.509091
1.06 0.511364
1.06 0.513636
1.06 0.515909
1.07 0.518182
1.07 0.520455
1.07 0.522727
1.08 0.525
1.08 0.527273
1.08 0.529545
1.08 0.531818
1.08 0.534091
1.08 0.536364
1.09 0.538636
1.09 0.540909
1.09 0.543182
1.1 0.545455
1.1 0.547727
1.1 0.55
1.1 0.552273
1.1 0.554545
1.1 0.556818
1.1 0.559091
1.11 0.561364
1.11 0.563636
1.11 0.565909
1.11 0.568182
1.11 0.570455
1.12 0.572727
1.12 0.575
1.12 0.577273
1.12 0.579545
1.12 0.581818
1.12 0.584091
1.12 0.586364
1.13 0.588636
1.13 0.590909
1.13 0.593182
1.13 0.595455
1.13 0.597727
1.13 0.6
1.13 0.602273
1.13 0.604545
1.14 0.606818
1.14 0.609091
1.14 0.611364
1.15 0.613636
1.15 0.615909
1.15 0.618182
1.15 0.620455
1.16 0.622727
1.16 0.625
1.16 0.627273
1.16 0.629545
1.16 0.631818
1.17 0.634091
1.18 0.636364
1.18 0.638636
1.18 0.640909
1.18 0.643182
1.18 0.645455
1.18 0.647727
1.18 0.65
1.18 0.652273
1.19 0.654545
1.19 0.656818
1.19 0.659091
1.2 0.661364
1.2 0.663636
1.2 0.665909
1.2 0.668182
1.2 0.670455
1.21 0.672727
1.21 0.675
1.21 0.677273
1.21 0.679545
1.21 0.681818
1.21 0.684091
1.22 0.686364
1.22 0.688636
1.22 0.690909
1.22 0.693182
1.22 0.695455
1.22 0.697727
1.23 0.7
1.23 0.702273
1.23 0.704545
1.23 0.706818
1.23 0.709091
1.24 0.711364
1.24 0.713636
1.24 0.715909
1.25 0.718182
1.25 0.720455
1.25 0.722727
1.25 0.725
1.25 0.727273
1.25 0.729545
1.26 0.731818
1.26 0.734091
1.26 0.736364
1.26 0.738636
1.27 0.740909
1.27 0.743182
1.27 0.745455
1.27 0.747727
1.27 0.75
1.28 0.752273
1.28 0.754545
1.28 0.756818
1.29 0.759091
1.29 0.761364
1.29 0.763636
1.29 0.765909
1.29 0.768182
1.29 0.770455
1.29 0.772727
1.29 0.775
1.3 0.777273
1.3 0.779545
1.3 0.781818
1.3 0.784091
1.3 0.786364
1.3 0.788636
1.3 0.790909
1.31 0.793182
1.31 0.795455
1.31 0.797727
1.31 0.8
1.31 0.802273
1.31 0.804545
1.32 0.806818
1.32 0.809091
1.33 0.811364
1.33 0.813636
1.33 0.815909
1.34 0.818182
1.34 0.820455
1.34 0.822727
1.34 0.825
1.34 0.827273
1.34 0.829545
1.35 0.831818
1.35 0.834091
1.36 0.836364
1.36 0.838636
1.36 0.840909
1.36 0.843182
1.37 0.845455
1.37 0.847727
1.37 0.85
1.37 0.852273
1.38 0.854545
1.38 0.856818
1.39 0.859091
1.39 0.861364
1.39 0.863636
1.39 0.865909
1.39 0.868182
1.4 0.870455
1.4 0.872727
1.4 0.875
1.4 0.877273
1.4 0.879545
1.42 0.881818
1.42 0.884091
1.42 0.886364
1.43 0.888636
1.43 0.890909
1.43 0.893182
1.43 0.895455
1.44 0.897727
1.44 0.9
1.45 0.902273
1.45 0.904545
1.46 0.906818
1.46 0.909091
1.46 0.911364
1.46 0.913636
1.47 0.915909
1.47 0.918182
1.47 0.920455
1.47 0.922727
1.48 0.925
1.48 0.927273
1.48 0.929545
1.5 0.931818
1.51 0.934091
1.53 0.936364
1.53 0.938636
1.54 0.940909
1.56 0.943182
1.57 0.945455
1.57 0.947727
1.57 0.95
1.57 0.952273
1.58 0.954545
1.58 0.956818
1.61 0.959091
1.61 0.961364
1.61 0.963636
1.62 0.965909
1.64 0.968182
1.66 0.970455
1.66 0.972727
1.67 0.975
1.67 0.977273
1.68 0.979545
1.68 0.981818
1.71 0.984091
1.71 0.986364
1.77 0.988636
1.79 0.990909
1.81 0.993182
1.85 0.995455
2.01 0.997727
2.04 1.0
