0.55 0.002273
0.62 0.004545
0.66 0.006818
0.67 0.009091
0.7 0.011364
0.76 0.013636
0.82 0.015909
0.83 0.018182
0.84 0.020455
0.84 0.022727
0.86 0.025
0.88 0.027273
0.88 0.029545
0.89 0.031818
0.92 0.034091
0.93 0.036364
0.96 0.038636
0.97 0.040909
0.97 0.043182
0.98 0.045455
0.98 0.047727
1.0 0.05
1.04 0.052273
1.05 0.054545
1.06 0.056818
1.06 0.059091
1.07 0.061364
1.07 0.063636
1.08 0.065909
1.08 0.068182
1.09 0.070455
1.12 0.072727
1.12 0.075
1.12 0.077273
1.13 0.079545
1.14 0.081818
1.14 0.084091
1.16 0.086364
1.19 0.088636
1.19 0.090909
1.2 0.093182
1.21 0.095455
1.22 0.097727
1.22 0.1
1.23 0.102273
1.23 0.104545
1.23 0.106818
1.23 0.109091
1.24 0.111364
1.24 0.113636
1.24 0.115909
1.25 0.118182
1.26 0.120455
1.26 0.122727
1.26 0.125
1.26 0.127273
1.27 0.129545
1.27 0.131818
1.28 0.134091
1.28 0.136364
1.28 0.138636
1.29 0.140909
1.29 0.143182
1.3 0.145455
1.31 0.147727
1.32 0.15
1.32 0.152273
1.34 0.154545
1.34 0.156818
1.35 0.159091
1.36 0.161364
1.37 0.163636
1.37 0.165909
1.37 0.168182
1.38 0.170455
1.38 0.172727
1.39 0.175
1.39 0.177273
1.39 0.179545
1.4 0.181818
1.41 0.184091
1.41 0.186364
1.41 0.188636
1.42 0.190909
1.42 0.193182
1.42 0.195455
1.43 0.197727
1.44 0.2
1.44 0.202273
1.44 0.204545
1.44 0.206818
1.45 0.209091
1.45 0.211364
1.45 0.213636
1.46 0.215909
1.46 0.218182
1.46 0.220455
1.47 0.222727
1.48 0.225
1.48 0.227273
1.48 0.229545
1.48 0.231818
1.48 0.234091
1.49 0.236364
1.49 0.238636
1.5 0.240909
1.5 0.243182
1.51 0.245455
1.51 0.247727
1.51 0.25
1.51 0.252273
1.52 0.254545
1.54 0.256818
1.54 0.259091
1.54 0.261364
1.54 0.263636
1.54 0.265909
1.54 0.268182
1.55 0.270455
1.55 0.272727
1.55 0.275
1.56 0.277273
1.56 0.279545
1.56 0.281818
1.56 0.284091
1.56 0.286364
1.57 0.288636
1.57 0.290909
1.58 0.293182
1.59 0.295455
1.6 0.297727
1.6 0.3
1.6 0.302273
1.61 0.304545
1.61 0.306818
1.61 0.309091
1.62 0.311364
1.62 0.313636
1.62 0.315909
1.63 0.318182
1.63 0.320455
1.63 0.322727
1.63 0.325
1.63 0.327273
1.64 0.329545
1.64 0.331818
1.64 0.334091
1.64 0.336364
1.65 0.338636
1.65 0.340909
1.66 0.343182
1.66 0.345455
1.66 0.347727
1.66 0.35
1.66 0.352273
1.66 0.354545
1.67 0.356818
1.67 0.359091
1.67 0.361364
1.67 0.363636
1.68 0.365909
1.68 0.368182
1.68 0.370455
1.68 0.372727
1.68 0.375
1.69 0.377273
1.69 0.379545
1.69 0.381818
1.69 0.384091
1.7 0.386364
1.7 0.388636
1.71 0.390909
1.71 0.393182
1.71 0.395455
1.72 0.397727
1.72 0.4
1.73 0.402273
1.73 0.404545
1.73 0.406818
1.73 0.409091
1.73 0.411364
1.75 0.413636
1.77 0.415909
1.77 0.418182
1.77 0.420455
1.77 0.422727
1.78 0.425
1.78 0.427273
1.78 0.429545
1.78 0.431818
1.79 0.434091
1.79 0.436364
1.79 0.438636
1.79 0.440909
1.8 0.443182
1.81 0.445455
1.81 0.447727
1.81 0.45
1.81 0.452273
1.81 0.454545
1.81 0.456818
1.81 0.459091
1.82 0.461364
1.82 0.463636
1.82 0.465909
1.82 0.468182
1.83 0.470455
1.83 0.472727
1.83 0.475
1.84 0.477273
1.85 0.479545
1.85 0.481818
1.85 0.484091
1.85 0.486364
1.86 0.488636
1.86 0.490909
1.86 0.493182
1.87 0.495455
1.87 0.497727
1.88 0.5
1.88 0.502273
1.88 0.504545
1.88 0.506818
1.88 0.509091
1.88 0.511364
1.88 0.513636
1.88 0.515909
1.89 0.518182
1.89 0.520455
1.89 0.522727
1.89 0.525
1.9 0.527273
1.9 0.529545
1.9 0.531818
1.9 0.534091
1.9 0.536364
1.91 0.538636
1.92 0.540909
1.92 0.543182
1.92 0.545455
1.92 0.547727
1.92 0.55
1.93 0.552273
1.93 0.554545
1.93 0.556818
1.93 0.559091
1.93 0.561364
1.93 0.563636
1.94 0.565909
1.94 0.568182
1.94 0.570455
1.95 0.572727
1.95 0.575
1.96 0.577273
1.96 0.579545
1.96 0.581818
1.96 0.584091
1.96 0.586364
1.96 0.588636
1.96 0.590909
1.97 0.593182
1.97 0.595455
1.97 0.597727
1.97 0.6
1.97 0.602273
1.97 0.604545
1.97 0.606818
1.98 0.609091
1.98 0.611364
1.98 0.613636
1.98 0.615909
1.98 0.618182
1.98 0.620455
1.99 0.622727
1.99 0.625
1.99 0.627273
1.99 0.629545
1.99 0.631818
2.0 0.634091
2.0 0.636364
2.01 0.638636
2.01 0.640909
2.01 0.643182
2.01 0.645455
2.02 0.647727
2.02 0.65
2.02 0.652273
2.02 0.654545
2.03 0.656818
2.03 0.659091
2.03 0.661364
2.04 0.663636
2.04 0.665909
2.05 0.668182
2.06 0.670455
2.06 0.672727
2.06 0.675
2.07 0.677273
2.07 0.679545
2.08 0.681818
2.08 0.684091
2.08 0.686364
2.08 0.688636
2.08 0.690909
2.09 0.693182
2.09 0.695455
2.1 0.697727
2.1 0.7
2.1 0.702273
2.1 0.704545
2.11 0.706818
2.12 0.709091
2.12 0.711364
2.13 0.713636
2.13 0.715909
2.14 0.718182
2.14 0.720455
2.14 0.722727
2.14 0.725
2.14 0.727273
2.16 0.729545
2.16 0.731818
2.16 0.734091
2.16 0.736364
2.17 0.738636
2.17 0.740909
2.17 0.743182
2.17 0.745455
2.19 0.747727
2.19 0.75
2.21 0.752273
2.21 0.754545
2.22 0.756818
2.22 0.759091
2.22 0.761364
2.22 0.763636
2.23 0.765909
2.23 0.768182
2.24 0.770455
2.24 0.772727
2.24 0.775
2.24 0.777273
2.25 0.779545
2.25 0.781818
2.25 0.784091
2.26 0.786364
2.26 0.788636
2.26 0.790909
2.26 0.793182
2.26 0.795455
2.27 0.797727
2.27 0.8
2.28 0.802273
2.28 0.804545
2.28 0.806818
2.28 0.809091
2.3 0.811364
2.3 0.813636
2.3 0.815909
2.3 0.818182
2.31 0.820455
2.31 0.822727
2.32 0.825
2.32 0.827273
2.32 0.829545
2.33 0.831818
2.33 0.834091
2.35 0.836364
2.36 0.838636
2.37 0.840909
2.38 0.843182
2.38 0.845455
2.38 0.847727
2.39 0.85
2.4 0.852273
2.41 0.854545
2.41 0.856818
2.41 0.859091
2.43 0.861364
2.44 0.863636
2.44 0.865909
2.45 0.868182
2.47 0.870455
2.48 0.872727
2.48 0.875
2.48 0.877273
2.49 0.879545
2.5 0.881818
2.51 0.884091
2.52 0.886364
2.52 0.888636
2.54 0.890909
2.54 0.893182
2.55 0.895455
2.58 0.897727
2.58 0.9
2.6 0.902273
2.61 0.904545
2.62 0.906818
2.64 0.909091
2.66 0.911364
2.67 0.913636
2.68 0.915909
2.73 0.918182
2.73 0.920455
2.76 0.922727
2.83 0.925
2.84 0.927273
2.89 0.929545
2.91 0.931818
2.92 0.934091
2.92 0.936364
2.95 0.938636
2.97 0.940909
2.97 0.943182
3.04 0.945455
3.05 0.947727
3.06 0.95
3.11 0.952273
3.11 0.954545
3.13 0.956818
3.19 0.959091
3.25 0.961364
3.27 0.963636
3.34 0.965909
3.42 0.968182
3.62 0.970455
3.64 0.972727
3.64 0.975
3.68 0.977273
3.69 0.979545
3.79 0.981818
3.83 0.984091
3.99 0.986364
4.05 0.988636
4.08 0.990909
4.08 0.993182
4.12 0.995455
4.18 0.997727
4.3 1.0
