1.74 0.002273
1.74 0.004545
1.77 0.006818
1.81 0.009091
1.84 0.011364
1.86 0.013636
1.87 0.015909
1.88 0.018182
1.91 0.020455
2.0 0.022727
2.0 0.025
2.02 0.027273
2.03 0.029545
2.04 0.031818
2.06 0.034091
2.08 0.036364
2.08 0.038636
2.09 0.040909
2.1 0.043182
2.1 0.045455
2.11 0.047727
2.11 0.05
2.14 0.052273
2.16 0.054545
2.18 0.056818
2.2 0.059091
2.21 0.061364
2.21 0.063636
2.21 0.065909
2.22 0.068182
2.22 0.070455
2.23 0.072727
2.24 0.075
2.24 0.077273
2.25 0.079545
2.25 0.081818
2.26 0.084091
2.28 0.086364
2.28 0.088636
2.29 0.090909
2.29 0.093182
2.29 0.095455
2.32 0.097727
2.32 0.1
2.33 0.102273
2.34 0.104545
2.34 0.106818
2.35 0.109091
2.35 0.111364
2.36 0.113636
2.36 0.115909
2.38 0.118182
2.38 0.120455
2.38 0.122727
2.39 0.125
2.39 0.127273
2.4 0.129545
2.41 0.131818
2.42 0.134091
2.42 0.136364
2.42 0.138636
2.42 0.140909
2.42 0.143182
2.43 0.145455
2.43 0.147727
2.44 0.15
2.44 0.152273
2.44 0.154545
2.44 0.156818
2.45 0.159091
2.46 0.161364
2.47 0.163636
2.47 0.165909
2.49 0.168182
2.49 0.170455
2.5 0.172727
2.5 0.175
2.51 0.177273
2.52 0.179545
2.54 0.181818
2.55 0.184091
2.56 0.186364
2.57 0.188636
2.57 0.190909
2.57 0.193182
2.57 0.195455
2.57 0.197727
2.57 0.2
2.58 0.202273
2.59 0.204545
2.59 0.206818
2.6 0.209091
2.6 0.211364
2.61 0.213636
2.61 0.215909
2.62 0.218182
2.62 0.220455
2.64 0.222727
2.65 0.225
2.65 0.227273
2.66 0.229545
2.66 0.231818
2.67 0.234091
2.68 0.236364
2.68 0.238636
2.68 0.240909
2.68 0.243182
2.68 0.245455
2.69 0.247727
2.7 0.25
2.7 0.252273
2.7 0.254545
2.71 0.256818
2.72 0.259091
2.72 0.261364
2.73 0.263636
2.73 0.265909
2.73 0.268182
2.74 0.270455
2.74 0.272727
2.76 0.275
2.76 0.277273
2.77 0.279545
2.77 0.281818
2.77 0.284091
2.77 0.286364
2.78 0.288636
2.8 0.290909
2.81 0.293182
2.81 0.295455
2.81 0.297727
2.81 0.3
2.82 0.302273
2.82 0.304545
2.82 0.306818
2.82 0.309091
2.83 0.311364
2.83 0.313636
2.83 0.315909
2.84 0.318182
2.84 0.320455
2.85 0.322727
2.85 0.325
2.85 0.327273
2.88 0.329545
2.88 0.331818
2.88 0.334091
2.88 0.336364
2.89 0.338636
2.89 0.340909
2.89 0.343182
2.89 0.345455
2.9 0.347727
2.91 0.35
2.91 0.352273
2.92 0.354545
2.92 0.356818
2.92 0.359091
2.92 0.361364
2.93 0.363636
2.94 0.365909
2.94 0.368182
2.94 0.370455
2.95 0.372727
2.95 0.375
2.95 0.377273
2.95 0.379545
2.96 0.381818
2.97 0.384091
2.97 0.386364
2.97 0.388636
2.98 0.390909
2.98 0.393182
2.99 0.395455
2.99 0.397727
2.99 0.4
2.99 0.402273
3.0 0.404545
3.0 0.406818
3.0 0.409091
3.01 0.411364
3.01 0.413636
3.02 0.415909
3.02 0.418182
3.03 0.420455
3.03 0.422727
3.03 0.425
3.03 0.427273
3.04 0.429545
3.04 0.431818
3.05 0.434091
3.05 0.436364
3.05 0.438636
3.05 0.440909
3.05 0.443182
3.06 0.445455
3.06 0.447727
3.07 0.45
3.07 0.452273
3.07 0.454545
3.07 0.456818
3.08 0.459091
3.08 0.461364
3.08 0.463636
3.09 0.465909
3.09 0.468182
3.09 0.470455
3.09 0.472727
3.09 0.475
3.1 0.477273
3.1 0.479545
3.1 0.481818
3.1 0.484091
3.1 0.486364
3.1 0.488636
3.1 0.490909
3.11 0.493182
3.11 0.495455
3.11 0.497727
3.12 0.5
3.12 0.502273
3.12 0.504545
3.13 0.506818
3.13 0.509091
3.13 0.511364
3.13 0.513636
3.13 0.515909
3.13 0.518182
3.14 0.520455
3.14 0.522727
3.14 0.525
3.14 0.527273
3.14 0.529545
3.15 0.531818
3.15 0.534091
3.15 0.536364
3.15 0.538636
3.15 0.540909
3.16 0.543182
3.16 0.545455
3.16 0.547727
3.16 0.55
3.16 0.552273
3.16 0.554545
3.17 0.556818
3.17 0.559091
3.18 0.561364
3.18 0.563636
3.2 0.565909
3.2 0.568182
3.21 0.570455
3.21 0.572727
3.21 0.575
3.21 0.577273
3.21 0.579545
3.22 0.581818
3.22 0.584091
3.23 0.586364
3.23 0.588636
3.23 0.590909
3.23 0.593182
3.24 0.595455
3.24 0.597727
3.25 0.6
3.25 0.602273
3.25 0.604545
3.26 0.606818
3.26 0.609091
3.27 0.611364
3.28 0.613636
3.28 0.615909
3.29 0.618182
3.29 0.620455
3.29 0.622727
3.29 0.625
3.29 0.627273
3.3 0.629545
3.3 0.631818
3.3 0.634091
3.3 0.636364
3.3 0.638636
3.31 0.640909
3.31 0.643182
3.31 0.645455
3.32 0.647727
3.32 0.65
3.33 0.652273
3.34 0.654545
3.36 0.656818
3.36 0.659091
3.42 0.661364
3.44 0.663636
3.44 0.665909
3.45 0.668182
3.46 0.670455
3.46 0.672727
3.47 0.675
3.48 0.677273
3.49 0.679545
3.49 0.681818
3.49 0.684091
3.5 0.686364
3.51 0.688636
3.52 0.690909
3.53 0.693182
3.53 0.695455
3.54 0.697727
3.54 0.7
3.54 0.702273
3.55 0.704545
3.57 0.706818
3.57 0.709091
3.59 0.711364
3.59 0.713636
3.6 0.715909
3.61 0.718182
3.61 0.720455
3.62 0.722727
3.62 0.725
3.63 0.727273
3.63 0.729545
3.63 0.731818
3.63 0.734091
3.65 0.736364
3.65 0.738636
3.65 0.740909
3.65 0.743182
3.65 0.745455
3.65 0.747727
3.66 0.75
3.66 0.752273
3.67 0.754545
3.68 0.756818
3.69 0.759091
3.7 0.761364
3.7 0.763636
3.71 0.765909
3.71 0.768182
3.71 0.770455
3.72 0.772727
3.72 0.775
3.73 0.777273
3.73 0.779545
3.74 0.781818
3.74 0.784091
3.74 0.786364
3.75 0.788636
3.78 0.790909
3.78 0.793182
3.78 0.795455
3.78 0.797727
3.8 0.8
3.82 0.802273
3.83 0.804545
3.84 0.806818
3.85 0.809091
3.86 0.811364
3.87 0.813636
3.87 0.815909
3.88 0.818182
3.89 0.820455
3.9 0.822727
3.9 0.825
3.91 0.827273
3.92 0.829545
3.92 0.831818
3.95 0.834091
3.98 0.836364
3.98 0.838636
3.98 0.840909
4.01 0.843182
4.01 0.845455
4.01 0.847727
4.02 0.85
4.12 0.852273
4.12 0.854545
4.13 0.856818
4.13 0.859091
4.14 0.861364
4.14 0.863636
4.16 0.865909
4.17 0.868182
4.19 0.870455
4.19 0.872727
4.21 0.875
4.21 0.877273
4.21 0.879545
4.24 0.881818
4.26 0.884091
4.26 0.886364
4.27 0.888636
4.28 0.890909
4.29 0.893182
4.29 0.895455
4.29 0.897727
4.31 0.9
4.34 0.902273
4.34 0.904545
4.35 0.906818
4.35 0.909091
4.36 0.911364
4.37 0.913636
4.38 0.915909
4.4 0.918182
4.45 0.920455
4.57 0.922727
4.58 0.925
4.7 0.927273
4.78 0.929545
4.87 0.931818
4.88 0.934091
4.89 0.936364
4.9 0.938636
4.91 0.940909
4.93 0.943182
4.95 0.945455
4.96 0.947727
4.97 0.95
4.97 0.952273
4.98 0.954545
5.0 0.956818
5.02 0.959091
5.02 0.961364
5.03 0.963636
5.04 0.965909
5.07 0.968182
5.08 0.970455
5.08 0.972727
5.14 0.975
5.15 0.977273
5.19 0.979545
5.34 0.981818
5.43 0.984091
5.69 0.986364
5.76 0.988636
5.82 0.990909
5.9 0.993182
5.97 0.995455
6.09 0.997727
6.11 1.0
