0.17 0.002273
0.22 0.004545
0.22 0.006818
0.24 0.009091
0.34 0.011364
0.4 0.013636
0.4 0.015909
0.4 0.018182
0.43 0.020455
0.52 0.022727
0.53 0.025
0.54 0.027273
0.54 0.029545
0.55 0.031818
0.56 0.034091
0.65 0.036364
0.7 0.038636
0.71 0.040909
0.71 0.043182
0.82 0.045455
0.82 0.047727
0.84 0.05
0.85 0.052273
0.86 0.054545
0.88 0.056818
0.9 0.059091
0.91 0.061364
0.92 0.063636
0.92 0.065909
0.94 0.068182
0.96 0.070455
0.98 0.072727
0.98 0.075
0.98 0.077273
0.99 0.079545
0.99 0.081818
1.0 0.084091
1.0 0.086364
1.02 0.088636
1.05 0.090909
1.05 0.093182
1.06 0.095455
1.07 0.097727
1.07 0.1
1.07 0.102273
1.08 0.104545
1.11 0.106818
1.11 0.109091
1.12 0.111364
1.12 0.113636
1.13 0.115909
1.14 0.118182
1.16 0.120455
1.18 0.122727
1.18 0.125
1.18 0.127273
1.19 0.129545
1.19 0.131818
1.2 0.134091
1.2 0.136364
1.2 0.138636
1.2 0.140909
1.21 0.143182
1.21 0.145455
1.22 0.147727
1.23 0.15
1.24 0.152273
1.24 0.154545
1.26 0.156818
1.26 0.159091
1.27 0.161364
1.28 0.163636
1.28 0.165909
1.28 0.168182
1.29 0.170455
1.3 0.172727
1.31 0.175
1.31 0.177273
1.31 0.179545
1.32 0.181818
1.32 0.184091
1.33 0.186364
1.34 0.188636
1.35 0.190909
1.35 0.193182
1.35 0.195455
1.37 0.197727
1.37 0.2
1.37 0.202273
1.38 0.204545
1.39 0.206818
1.39 0.209091
1.39 0.211364
1.41 0.213636
1.42 0.215909
1.42 0.218182
1.42 0.220455
1.44 0.222727
1.44 0.225
1.45 0.227273
1.46 0.229545
1.48 0.231818
1.49 0.234091
1.49 0.236364
1.5 0.238636
1.5 0.240909
1.5 0.243182
1.51 0.245455
1.51 0.247727
1.52 0.25
1.52 0.252273
1.52 0.254545
1.52 0.256818
1.54 0.259091
1.54 0.261364
1.55 0.263636
1.55 0.265909
1.55 0.268182
1.56 0.270455
1.56 0.272727
1.56 0.275
1.57 0.277273
1.57 0.279545
1.57 0.281818
1.58 0.284091
1.6 0.286364
1.6 0.288636
1.61 0.290909
1.61 0.293182
1.61 0.295455
1.62 0.297727
1.62 0.3
1.62 0.302273
1.63 0.304545
1.64 0.306818
1.64 0.309091
1.65 0.311364
1.65 0.313636
1.66 0.315909
1.66 0.318182
1.66 0.320455
1.67 0.322727
1.67 0.325
1.67 0.327273
1.68 0.329545
1.68 0.331818
1.7 0.334091
1.72 0.336364
1.72 0.338636
1.72 0.340909
1.73 0.343182
1.74 0.345455
1.76 0.347727
1.76 0.35
1.77 0.352273
1.78 0.354545
1.8 0.356818
1.8 0.359091
1.81 0.361364
1.81 0.363636
1.81 0.365909
1.82 0.368182
1.82 0.370455
1.82 0.372727
1.82 0.375
1.83 0.377273
1.84 0.379545
1.84 0.381818
1.84 0.384091
1.84 0.386364
1.84 0.388636
1.85 0.390909
1.85 0.393182
1.86 0.395455
1.86 0.397727
1.87 0.4
1.87 0.402273
1.88 0.404545
1.88 0.406818
1.9 0.409091
1.9 0.411364
1.91 0.413636
1.91 0.415909
1.91 0.418182
1.92 0.420455
1.92 0.422727
1.93 0.425
1.93 0.427273
1.94 0.429545
1.95 0.431818
1.95 0.434091
1.95 0.436364
1.97 0.438636
1.98 0.440909
1.98 0.443182
1.98 0.445455
1.98 0.447727
2.0 0.45
2.0 0.452273
2.0 0.454545
2.0 0.456818
2.0 0.459091
2.02 0.461364
2.02 0.463636
2.03 0.465909
2.03 0.468182
2.03 0.470455
2.03 0.472727
2.04 0.475
2.04 0.477273
2.04 0.479545
2.05 0.481818
2.05 0.484091
2.06 0.486364
2.06 0.488636
2.07 0.490909
2.07 0.493182
2.08 0.495455
2.08 0.497727
2.08 0.5
2.08 0.502273
2.08 0.504545
2.08 0.506818
2.11 0.509091
2.12 0.511364
2.12 0.513636
2.12 0.515909
2.13 0.518182
2.13 0.520455
2.14 0.522727
2.16 0.525
2.16 0.527273
2.17 0.529545
2.17 0.531818
2.18 0.534091
2.18 0.536364
2.19 0.538636
2.2 0.540909
2.21 0.543182
2.21 0.545455
2.22 0.547727
2.23 0.55
2.24 0.552273
2.24 0.554545
2.25 0.556818
2.25 0.559091
2.25 0.561364
2.25 0.563636
2.25 0.565909
2.26 0.568182
2.28 0.570455
2.28 0.572727
2.29 0.575
2.3 0.577273
2.31 0.579545
2.31 0.581818
2.31 0.584091
2.32 0.586364
2.32 0.588636
2.33 0.590909
2.33 0.593182
2.33 0.595455
2.33 0.597727
2.34 0.6
2.36 0.602273
2.36 0.604545
2.36 0.606818
2.37 0.609091
2.38 0.611364
2.38 0.613636
2.39 0.615909
2.4 0.618182
2.41 0.620455
2.41 0.622727
2.41 0.625
2.41 0.627273
2.42 0.629545
2.43 0.631818
2.43 0.634091
2.43 0.636364
2.43 0.638636
2.43 0.640909
2.43 0.643182
2.44 0.645455
2.45 0.647727
2.46 0.65
2.47 0.652273
2.48 0.654545
2.48 0.656818
2.48 0.659091
2.5 0.661364
2.51 0.663636
2.51 0.665909
2.53 0.668182
2.54 0.670455
2.55 0.672727
2.58 0.675
2.59 0.677273
2.6 0.679545
2.6 0.681818
2.61 0.684091
2.61 0.686364
2.61 0.688636
2.62 0.690909
2.62 0.693182
2.62 0.695455
2.63 0.697727
2.64 0.7
2.64 0.702273
2.66 0.704545
2.67 0.706818
2.68 0.709091
2.69 0.711364
2.69 0.713636
2.69 0.715909
2.71 0.718182
2.71 0.720455
2.72 0.722727
2.72 0.725
2.74 0.727273
2.74 0.729545
2.74 0.731818
2.75 0.734091
2.76 0.736364
2.77 0.738636
2.77 0.740909
2.79 0.743182
2.79 0.745455
2.8 0.747727
2.8 0.75
2.82 0.752273
2.84 0.754545
2.85 0.756818
2.85 0.759091
2.85 0.761364
2.85 0.763636
2.87 0.765909
2.88 0.768182
2.9 0.770455
2.93 0.772727
2.93 0.775
2.94 0.777273
2.94 0.779545
2.95 0.781818
2.95 0.784091
2.97 0.786364
2.98 0.788636
3.0 0.790909
3.01 0.793182
3.02 0.795455
3.03 0.797727
3.03 0.8
3.03 0.802273
3.05 0.804545
3.06 0.806818
3.08 0.809091
3.08 0.811364
3.09 0.813636
3.11 0.815909
3.11 0.818182
3.11 0.820455
3.12 0.822727
3.12 0.825
3.16 0.827273
3.16 0.829545
3.16 0.831818
3.18 0.834091
3.18 0.836364
3.18 0.838636
3.19 0.840909
3.2 0.843182
3.21 0.845455
3.23 0.847727
3.24 0.85
3.27 0.852273
3.29 0.854545
3.29 0.856818
3.29 0.859091
3.31 0.861364
3.31 0.863636
3.31 0.865909
3.32 0.868182
3.39 0.870455
3.4 0.872727
3.4 0.875
3.4 0.877273
3.43 0.879545
3.45 0.881818
3.45 0.884091
3.47 0.886364
3.49 0.888636
3.5 0.890909
3.5 0.893182
3.5 0.895455
3.5 0.897727
3.52 0.9
3.53 0.902273
3.55 0.904545
3.55 0.906818
3.6 0.909091
3.61 0.911364
3.62 0.913636
3.65 0.915909
3.67 0.918182
3.68 0.920455
3.69 0.922727
3.71 0.925
3.74 0.927273
3.75 0.929545
3.75 0.931818
3.81 0.934091
3.81 0.936364
3.85 0.938636
3.85 0.940909
3.88 0.943182
3.91 0.945455
3.92 0.947727
3.97 0.95
3.98 0.952273
4.04 0.954545
4.04 0.956818
4.07 0.959091
4.1 0.961364
4.15 0.963636
4.17 0.965909
4.17 0.968182
4.28 0.970455
4.33 0.972727
4.37 0.975
4.46 0.977273
4.53 0.979545
4.53 0.981818
4.63 0.984091
4.64 0.986364
4.91 0.988636
4.92 0.990909
4.92 0.993182
5.08 0.995455
5.24 0.997727
6.09 1.0
