0.62 0.011111
0.76 0.022222
0.77 0.033333
0.85 0.044444
0.86 0.055556
0.88 0.066667
0.89 0.077778
0.9 0.088889
0.9 0.1
0.98 0.111111
1.07 0.122222
1.09 0.133333
1.1 0.144444
1.15 0.155556
1.22 0.166667
1.25 0.177778
1.28 0.188889
1.29 0.2
1.3 0.211111
1.3 0.222222
1.32 0.233333
1.34 0.244444
1.4 0.255556
1.44 0.266667
1.46 0.277778
1.48 0.288889
1.53 0.3
1.53 0.311111
1.53 0.322222
1.54 0.333333
1.55 0.344444
1.55 0.355556
1.57 0.366667
1.61 0.377778
1.61 0.388889
1.61 0.4
1.62 0.411111
1.63 0.422222
1.64 0.433333
1.68 0.444444
1.69 0.455556
1.69 0.466667
1.69 0.477778
1.71 0.488889
1.71 0.5
1.76 0.511111
1.78 0.522222
1.78 0.533333
1.79 0.544444
1.84 0.555556
1.84 0.566667
1.92 0.577778
1.96 0.588889
1.99 0.6
2.0 0.611111
2.07 0.622222
2.16 0.633333
2.22 0.644444
2.41 0.655556
2.43 0.666667
2.43 0.677778
2.45 0.688889
2.46 0.7
2.61 0.711111
2.74 0.722222
2.82 0.733333
2.85 0.744444
2.86 0.755556
2.92 0.766667
2.97 0.777778
3.17 0.788889
3.18 0.8
3.22 0.811111
3.26 0.822222
3.36 0.833333
3.44 0.844444
3.45 0.855556
3.56 0.866667
3.66 0.877778
3.69 0.888889
3.7 0.9
3.88 0.911111
3.91 0.922222
3.93 0.933333
4.03 0.944444
4.18 0.955556
4.48 0.966667
5.23 0.977778
5.38 0.988889
5.38 1.0
