0.09 0.002273
0.13 0.004545
0.15 0.006818
0.19 0.009091
0.23 0.011364
0.25 0.013636
0.42 0.015909
0.43 0.018182
0.53 0.020455
0.53 0.022727
0.57 0.025
0.67 0.027273
0.67 0.029545
0.68 0.031818
0.7 0.034091
0.72 0.036364
0.74 0.038636
0.76 0.040909
0.77 0.043182
0.79 0.045455
0.8 0.047727
0.8 0.05
0.81 0.052273
0.82 0.054545
0.83 0.056818
0.86 0.059091
0.88 0.061364
0.9 0.063636
0.91 0.065909
0.94 0.068182
0.95 0.070455
0.96 0.072727
0.96 0.075
0.97 0.077273
0.99 0.079545
1.0 0.081818
1.01 0.084091
1.01 0.086364
1.01 0.088636
1.02 0.090909
1.04 0.093182
1.04 0.095455
1.05 0.097727
1.06 0.1
1.08 0.102273
1.11 0.104545
1.12 0.106818
1.12 0.109091
1.12 0.111364
1.13 0.113636
1.15 0.115909
1.17 0.118182
1.18 0.120455
1.22 0.122727
1.24 0.125
1.27 0.127273
1.28 0.129545
1.29 0.131818
1.29 0.134091
1.32 0.136364
1.32 0.138636
1.36 0.140909
1.36 0.143182
1.36 0.145455
1.38 0.147727
1.39 0.15
1.4 0.152273
1.41 0.154545
1.42 0.156818
1.42 0.159091
1.44 0.161364
1.44 0.163636
1.46 0.165909
1.46 0.168182
1.46 0.170455
1.46 0.172727
1.46 0.175
1.47 0.177273
1.48 0.179545
1.48 0.181818
1.48 0.184091
1.49 0.186364
1.49 0.188636
1.49 0.190909
1.49 0.193182
1.5 0.195455
1.5 0.197727
1.51 0.2
1.52 0.202273
1.52 0.204545
1.56 0.206818
1.56 0.209091
1.56 0.211364
1.56 0.213636
1.56 0.215909
1.57 0.218182
1.57 0.220455
1.58 0.222727
1.59 0.225
1.59 0.227273
1.6 0.229545
1.6 0.231818
1.61 0.234091
1.62 0.236364
1.62 0.238636
1.62 0.240909
1.63 0.243182
1.63 0.245455
1.63 0.247727
1.64 0.25
1.65 0.252273
1.65 0.254545
1.65 0.256818
1.66 0.259091
1.66 0.261364
1.66 0.263636
1.69 0.265909
1.7 0.268182
1.7 0.270455
1.7 0.272727
1.72 0.275
1.72 0.277273
1.73 0.279545
1.73 0.281818
1.73 0.284091
1.76 0.286364
1.76 0.288636
1.76 0.290909
1.77 0.293182
1.78 0.295455
1.78 0.297727
1.79 0.3
1.8 0.302273
1.8 0.304545
1.8 0.306818
1.8 0.309091
1.82 0.311364
1.82 0.313636
1.83 0.315909
1.85 0.318182
1.86 0.320455
1.88 0.322727
1.89 0.325
1.9 0.327273
1.92 0.329545
1.92 0.331818
1.92 0.334091
1.92 0.336364
1.92 0.338636
1.93 0.340909
1.93 0.343182
1.93 0.345455
1.94 0.347727
1.95 0.35
1.96 0.352273
1.96 0.354545
1.97 0.356818
1.97 0.359091
1.97 0.361364
1.97 0.363636
1.97 0.365909
1.98 0.368182
1.99 0.370455
1.99 0.372727
2.01 0.375
2.02 0.377273
2.02 0.379545
2.04 0.381818
2.06 0.384091
2.06 0.386364
2.07 0.388636
2.08 0.390909
2.08 0.393182
2.08 0.395455
2.09 0.397727
2.09 0.4
2.11 0.402273
2.12 0.404545
2.12 0.406818
2.13 0.409091
2.15 0.411364
2.16 0.413636
2.18 0.415909
2.19 0.418182
2.2 0.420455
2.2 0.422727
2.2 0.425
2.2 0.427273
2.21 0.429545
2.22 0.431818
2.22 0.434091
2.22 0.436364
2.23 0.438636
2.23 0.440909
2.23 0.443182
2.24 0.445455
2.24 0.447727
2.24 0.45
2.25 0.452273
2.25 0.454545
2.25 0.456818
2.25 0.459091
2.26 0.461364
2.27 0.463636
2.28 0.465909
2.28 0.468182
2.31 0.470455
2.32 0.472727
2.32 0.475
2.33 0.477273
2.33 0.479545
2.35 0.481818
2.35 0.484091
2.36 0.486364
2.37 0.488636
2.38 0.490909
2.39 0.493182
2.4 0.495455
2.41 0.497727
2.41 0.5
2.42 0.502273
2.44 0.504545
2.44 0.506818
2.45 0.509091
2.46 0.511364
2.46 0.513636
2.47 0.515909
2.47 0.518182
2.48 0.520455
2.5 0.522727
2.52 0.525
2.52 0.527273
2.52 0.529545
2.53 0.531818
2.53 0.534091
2.54 0.536364
2.54 0.538636
2.54 0.540909
2.55 0.543182
2.55 0.545455
2.56 0.547727
2.56 0.55
2.56 0.552273
2.57 0.554545
2.58 0.556818
2.58 0.559091
2.59 0.561364
2.59 0.563636
2.61 0.565909
2.61 0.568182
2.62 0.570455
2.62 0.572727
2.63 0.575
2.63 0.577273
2.64 0.579545
2.64 0.581818
2.64 0.584091
2.65 0.586364
2.65 0.588636
2.65 0.590909
2.65 0.593182
2.67 0.595455
2.68 0.597727
2.69 0.6
2.69 0.602273
2.71 0.604545
2.71 0.606818
2.71 0.609091
2.73 0.611364
2.75 0.613636
2.75 0.615909
2.76 0.618182
2.76 0.620455
2.77 0.622727
2.79 0.625
2.79 0.627273
2.79 0.629545
2.8 0.631818
2.81 0.634091
2.81 0.636364
2.82 0.638636
2.82 0.640909
2.82 0.643182
2.87 0.645455
2.87 0.647727
2.89 0.65
2.9 0.652273
2.9 0.654545
2.91 0.656818
2.91 0.659091
2.92 0.661364
2.93 0.663636
2.95 0.665909
2.95 0.668182
2.97 0.670455
2.98 0.672727
2.98 0.675
3.02 0.677273
3.06 0.679545
3.06 0.681818
3.07 0.684091
3.09 0.686364
3.09 0.688636
3.1 0.690909
3.11 0.693182
3.12 0.695455
3.14 0.697727
3.15 0.7
3.16 0.702273
3.2 0.704545
3.21 0.706818
3.23 0.709091
3.23 0.711364
3.25 0.713636
3.28 0.715909
3.29 0.718182
3.31 0.720455
3.34 0.722727
3.34 0.725
3.35 0.727273
3.37 0.729545
3.41 0.731818
3.41 0.734091
3.41 0.736364
3.46 0.738636
3.46 0.740909
3.47 0.743182
3.49 0.745455
3.5 0.747727
3.53 0.75
3.54 0.752273
3.55 0.754545
3.56 0.756818
3.57 0.759091
3.57 0.761364
3.58 0.763636
3.6 0.765909
3.6 0.768182
3.62 0.770455
3.62 0.772727
3.64 0.775
3.64 0.777273
3.65 0.779545
3.65 0.781818
3.68 0.784091
3.71 0.786364
3.72 0.788636
3.75 0.790909
3.8 0.793182
3.81 0.795455
3.82 0.797727
3.82 0.8
3.82 0.802273
3.84 0.804545
3.87 0.806818
3.89 0.809091
3.93 0.811364
3.94 0.813636
3.95 0.815909
3.97 0.818182
3.98 0.820455
3.98 0.822727
3.98 0.825
4.0 0.827273
4.0 0.829545
4.02 0.831818
4.03 0.834091
4.04 0.836364
4.04 0.838636
4.07 0.840909
4.07 0.843182
4.08 0.845455
4.1 0.847727
4.12 0.85
4.13 0.852273
4.14 0.854545
4.14 0.856818
4.16 0.859091
4.17 0.861364
4.22 0.863636
4.23 0.865909
4.26 0.868182
4.32 0.870455
4.36 0.872727
4.4 0.875
4.41 0.877273
4.46 0.879545
4.49 0.881818
4.49 0.884091
4.5 0.886364
4.52 0.888636
4.62 0.890909
4.63 0.893182
4.67 0.895455
4.68 0.897727
4.68 0.9
4.69 0.902273
4.69 0.904545
4.7 0.906818
4.74 0.909091
4.74 0.911364
4.76 0.913636
4.79 0.915909
4.9 0.918182
4.96 0.920455
4.98 0.922727
4.99 0.925
5.0 0.927273
5.03 0.929545
5.04 0.931818
5.06 0.934091
5.06 0.936364
5.11 0.938636
5.12 0.940909
5.45 0.943182
5.45 0.945455
5.5 0.947727
5.53 0.95
5.56 0.952273
5.57 0.954545
5.61 0.956818
5.68 0.959091
5.68 0.961364
5.72 0.963636
5.81 0.965909
6.45 0.968182
6.6 0.970455
6.79 0.972727
6.82 0.975
6.88 0.977273
7.04 0.979545
7.05 0.981818
7.21 0.984091
7.78 0.986364
7.95 0.988636
8.53 0.990909
8.53 0.993182
9.39 0.995455
9.45 0.997727
10.42 1.0
