0.01 0.00625
0.02 0.0125
0.03 0.01875
0.06 0.025
0.08 0.03125
0.09 0.0375
0.09 0.04375
0.09 0.05
0.1 0.05625
0.11 0.0625
0.12 0.06875
0.13 0.075
0.14 0.08125
0.16 0.0875
0.23 0.09375
0.23 0.1
0.25 0.10625
0.26 0.1125
0.27 0.11875
0.27 0.125
0.27 0.13125
0.28 0.1375
0.33 0.14375
0.34 0.15
0.37 0.15625
0.39 0.1625
0.4 0.16875
0.4 0.175
0.47 0.18125
0.47 0.1875
0.48 0.19375
0.49 0.2
0.5 0.20625
0.51 0.2125
0.55 0.21875
0.57 0.225
0.58 0.23125
0.61 0.2375
0.67 0.24375
0.72 0.25
0.74 0.25625
0.77 0.2625
0.87 0.26875
0.91 0.275
0.91 0.28125
0.96 0.2875
0.99 0.29375
0.99 0.3
1.0 0.30625
1.03 0.3125
1.04 0.31875
1.04 0.325
1.05 0.33125
1.08 0.3375
1.08 0.34375
1.12 0.35
1.12 0.35625
1.13 0.3625
1.16 0.36875
1.19 0.375
1.22 0.38125
1.22 0.3875
1.23 0.39375
1.24 0.4
1.28 0.40625
1.39 0.4125
1.43 0.41875
1.48 0.425
1.48 0.43125
1.48 0.4375
1.5 0.44375
1.55 0.45
1.63 0.45625
1.64 0.4625
1.67 0.46875
1.71 0.475
1.73 0.48125
1.75 0.4875
1.86 0.49375
1.92 0.5
2.01 0.50625
2.03 0.5125
2.1 0.51875
2.1 0.525
2.14 0.53125
2.18 0.5375
2.18 0.54375
2.21 0.55
2.23 0.55625
2.31 0.5625
2.36 0.56875
2.37 0.575
2.42 0.58125
2.42 0.5875
2.49 0.59375
2.49 0.6
2.5 0.60625
2.65 0.6125
2.73 0.61875
2.73 0.625
2.76 0.63125
2.77 0.6375
2.79 0.64375
2.87 0.65
2.89 0.65625
2.9 0.6625
3.03 0.66875
3.13 0.675
3.17 0.68125
3.17 0.6875
3.5 0.69375
3.55 0.7
3.58 0.70625
3.58 0.7125
3.77 0.71875
3.78 0.725
3.78 0.73125
3.84 0.7375
3.86 0.74375
3.92 0.75
3.94 0.75625
3.94 0.7625
3.99 0.76875
4.02 0.775
4.09 0.78125
4.09 0.7875
4.14 0.79375
4.21 0.8
4.22 0.80625
4.36 0.8125
4.41 0.81875
4.48 0.825
4.51 0.83125
4.58 0.8375
4.58 0.84375
4.59 0.85
4.65 0.85625
4.72 0.8625
4.75 0.86875
4.83 0.875
4.85 0.88125
4.94 0.8875
5.09 0.89375
5.16 0.9
5.53 0.90625
5.73 0.9125
5.77 0.91875
5.8 0.925
6.21 0.93125
6.22 0.9375
6.5 0.94375
7.07 0.95
7.08 0.95625
7.24 0.9625
7.39 0.96875
7.61 0.975
8.24 0.98125
8.29 0.9875
9.07 0.99375
9.48 1.0
