0.01 0.00625
0.03 0.0125
0.04 0.01875
0.05 0.025
0.07 0.03125
0.08 0.0375
0.08 0.04375
0.08 0.05
0.09 0.05625
0.11 0.0625
0.11 0.06875
0.13 0.075
0.14 0.08125
0.16 0.0875
0.17 0.09375
0.18 0.1
0.2 0.10625
0.23 0.1125
0.23 0.11875
0.26 0.125
0.28 0.13125
0.3 0.1375
0.31 0.14375
0.34 0.15
0.35 0.15625
0.36 0.1625
0.37 0.16875
0.37 0.175
0.38 0.18125
0.4 0.1875
0.42 0.19375
0.44 0.2
0.45 0.20625
0.5 0.2125
0.5 0.21875
0.5 0.225
0.51 0.23125
0.54 0.2375
0.56 0.24375
0.56 0.25
0.57 0.25625
0.58 0.2625
0.58 0.26875
0.59 0.275
0.59 0.28125
0.63 0.2875
0.63 0.29375
0.64 0.3
0.67 0.30625
0.68 0.3125
0.7 0.31875
0.71 0.325
0.72 0.33125
0.72 0.3375
0.73 0.34375
0.75 0.35
0.76 0.35625
0.77 0.3625
0.78 0.36875
0.79 0.375
0.8 0.38125
0.8 0.3875
0.82 0.39375
0.83 0.4
0.84 0.40625
0.85 0.4125
0.85 0.41875
0.87 0.425
0.87 0.43125
0.9 0.4375
0.9 0.44375
0.91 0.45
0.94 0.45625
0.97 0.4625
1.01 0.46875
1.05 0.475
1.06 0.48125
1.07 0.4875
1.11 0.49375
1.12 0.5
1.13 0.50625
1.16 0.5125
1.17 0.51875
1.18 0.525
1.18 0.53125
1.19 0.5375
1.2 0.54375
1.21 0.55
1.22 0.55625
1.25 0.5625
1.39 0.56875
1.41 0.575
1.43 0.58125
1.46 0.5875
1.49 0.59375
1.53 0.6
1.55 0.60625
1.56 0.6125
1.8 0.61875
1.84 0.625
1.85 0.63125
1.85 0.6375
1.88 0.64375
1.91 0.65
1.94 0.65625
2.05 0.6625
2.09 0.66875
2.1 0.675
2.15 0.68125
2.18 0.6875
2.22 0.69375
2.24 0.7
2.26 0.70625
2.31 0.7125
2.37 0.71875
2.49 0.725
2.52 0.73125
2.69 0.7375
2.71 0.74375
2.72 0.75
2.77 0.75625
2.81 0.7625
2.86 0.76875
2.99 0.775
2.99 0.78125
3.01 0.7875
3.09 0.79375
3.09 0.8
3.1 0.80625
3.16 0.8125
3.17 0.81875
3.18 0.825
3.31 0.83125
3.5 0.8375
3.56 0.84375
3.58 0.85
3.62 0.85625
3.63 0.8625
3.66 0.86875
3.76 0.875
3.87 0.88125
4.03 0.8875
4.22 0.89375
4.48 0.9
4.5 0.90625
4.52 0.9125
4.56 0.91875
4.76 0.925
5.07 0.93125
5.09 0.9375
5.14 0.94375
5.23 0.95
5.67 0.95625
5.72 0.9625
5.81 0.96875
6.53 0.975
6.53 0.98125
6.59 0.9875
7.05 0.99375
7.06 1.0
