0.0 0.00625
0.0 0.0125
0.01 0.01875
0.01 0.025
0.01 0.03125
0.01 0.0375
0.02 0.04375
0.02 0.05
0.02 0.05625
0.02 0.0625
0.03 0.06875
0.04 0.075
0.05 0.08125
0.05 0.0875
0.05 0.09375
0.05 0.1
0.05 0.10625
0.05 0.1125
0.06 0.11875
0.07 0.125
0.08 0.13125
0.08 0.1375
0.09 0.14375
0.1 0.15
0.11 0.15625
0.11 0.1625
0.11 0.16875
0.11 0.175
0.11 0.18125
0.14 0.1875
0.14 0.19375
0.14 0.2
0.15 0.20625
0.16 0.2125
0.16 0.21875
0.16 0.225
0.16 0.23125
0.17 0.2375
0.18 0.24375
0.19 0.25
0.2 0.25625
0.2 0.2625
0.2 0.26875
0.21 0.275
0.22 0.28125
0.23 0.2875
0.23 0.29375
0.24 0.3
0.25 0.30625
0.25 0.3125
0.25 0.31875
0.26 0.325
0.26 0.33125
0.27 0.3375
0.27 0.34375
0.28 0.35
0.29 0.35625
0.34 0.3625
0.34 0.36875
0.35 0.375
0.35 0.38125
0.36 0.3875
0.38 0.39375
0.4 0.4
0.42 0.40625
0.42 0.4125
0.42 0.41875
0.42 0.425
0.43 0.43125
0.43 0.4375
0.46 0.44375
0.47 0.45
0.48 0.45625
0.48 0.4625
0.49 0.46875
0.5 0.475
0.5 0.48125
0.51 0.4875
0.53 0.49375
0.53 0.5
0.58 0.50625
0.58 0.5125
0.59 0.51875
0.61 0.525
0.62 0.53125
0.63 0.5375
0.63 0.54375
0.65 0.55
0.67 0.55625
0.67 0.5625
0.69 0.56875
0.7 0.575
0.7 0.58125
0.71 0.5875
0.72 0.59375
0.72 0.6
0.73 0.60625
0.75 0.6125
0.76 0.61875
0.76 0.625
0.76 0.63125
0.77 0.6375
0.77 0.64375
0.79 0.65
0.79 0.65625
0.81 0.6625
0.83 0.66875
0.83 0.675
0.86 0.68125
0.87 0.6875
0.97 0.69375
1.04 0.7
1.05 0.70625
1.05 0.7125
1.06 0.71875
1.09 0.725
1.11 0.73125
1.11 0.7375
1.12 0.74375
1.13 0.75
1.18 0.75625
1.19 0.7625
1.21 0.76875
1.24 0.775
1.25 0.78125
1.26 0.7875
1.34 0.79375
1.34 0.8
1.37 0.80625
1.37 0.8125
1.39 0.81875
1.39 0.825
1.41 0.83125
1.42 0.8375
1.53 0.84375
1.53 0.85
1.55 0.85625
1.55 0.8625
1.6 0.86875
1.69 0.875
1.72 0.88125
1.74 0.8875
1.75 0.89375
1.77 0.9
1.83 0.90625
1.84 0.9125
1.84 0.91875
1.88 0.925
1.96 0.93125
1.98 0.9375
2.04 0.94375
2.07 0.95
2.43 0.95625
2.63 0.9625
2.65 0.96875
2.89 0.975
2.96 0.98125
3.01 0.9875
3.38 0.99375
3.52 1.0
