1.0 3.4389090909090902 0.09016018691209739
2.0 3.1438181818181805 0.06960762883122007
3.0 3.0569999999999986 0.07354792142942686
4.0 2.694909090909091 0.09066473767729022
5.0 2.516795454545454 0.09614234612379988
6.0 2.382840909090909 0.09907119567755504
7.0 2.380204545454546 0.1011092709860992
8.0 2.373522727272728 0.10119227460240576
9.0 2.3577727272727276 0.10099080157721782
10.0 2.3414090909090906 0.10497085112516803
11.0 2.307454545454543 0.1090752583517664
12.0 2.253954545454543 0.11315582425922499
13.0 2.2296590909090885 0.11561250010643033
14.0 2.2070227272727245 0.11707248853402284
15.0 2.1874318181818166 0.11867974625129514
16.0 2.185522727272726 0.12086203683482002
17.0 2.177136363636362 0.12143284655968373
18.0 2.1792499999999984 0.12232956062109315
19.0 2.162113636363635 0.12224474772203187
20.0 2.158431818181817 0.12177128829528408
21.0 2.152272727272726 0.12252784891364844
22.0 2.141431818181817 0.12151259250107395
23.0 2.132977272727272 0.12139578466745833
24.0 2.131045454545453 0.1210503116410328
25.0 2.125181818181816 0.12092483433245367
26.0 2.1192954545454525 0.11912777754190627
27.0 2.0994999999999986 0.11706447178042766
28.0 2.0859318181818174 0.11714063738109538
29.0 2.0885227272727267 0.11793649779791351
30.0 2.080772727272727 0.11737318990489541
31.0 2.0684090909090918 0.11767318285163102
32.0 2.06084090909091 0.11700498438698721
33.0 2.0524545454545464 0.1169677056368694
34.0 2.048931818181819 0.11614419579075683
35.0 2.0405454545454553 0.11620169662941547
36.0 2.0306136363636362 0.11610490102860335
37.0 2.0158409090909095 0.11444018197912015
38.0 2.0055454545454547 0.11431681566884397
39.0 1.9974999999999994 0.11402081651862381
40.0 1.9929999999999992 0.11380190419949182
41.0 1.9851363636363624 0.11339024085762338
42.0 1.9741136363636351 0.11291874965675841
43.0 1.9646136363636357 0.11197976513255684
44.0 1.9557954545454548 0.11095234339291604
45.0 1.9521136363636358 0.11096375687752137
46.0 1.9468863636363636 0.11088960961888764
47.0 1.9487727272727273 0.11107672131120674
48.0 1.9426363636363637 0.11084752407356013
49.0 1.9338636363636363 0.11058042753597454
50.0 1.933090909090909 0.1102455287035356
51.0 1.9260681818181824 0.1096328226071137
52.0 1.919068181818182 0.1093343117378529
53.0 1.917590909090909 0.11022451460100464
54.0 1.9124999999999996 0.11014918307756087
55.0 1.9084318181818183 0.1098129535080894
56.0 1.9046136363636368 0.10928652694889322
57.0 1.899068181818182 0.10874967253305974
58.0 1.8899318181818188 0.10810518468807277
59.0 1.8828863636363637 0.1080170337404376
60.0 1.8744999999999998 0.10708322823177331
61.0 1.8716363636363635 0.10645446547457495
62.0 1.8656590909090909 0.1064824996353097
63.0 1.8627272727272726 0.10631214193732103
64.0 1.8605227272727272 0.10628948304880394
65.0 1.8559318181818178 0.10619382211587045
66.0 1.8492045454545452 0.10579718201433172
67.0 1.8452954545454547 0.10545740008029583
68.0 1.8459318181818183 0.10588073580594747
69.0 1.8420909090909097 0.10514801978020406
70.0 1.8392727272727272 0.10481165575340128
71.0 1.8356818181818182 0.10450052294722458
72.0 1.8354772727272732 0.10418618013146286
73.0 1.831477272727273 0.10405948829736432
74.0 1.8295000000000003 0.10403599584711072
75.0 1.8262954545454546 0.10381393846462654
76.0 1.8216136363636366 0.1033447261899535
77.0 1.8170909090909093 0.1030181632415707
78.0 1.8109090909090908 0.10248241596720159
79.0 1.806954545454545 0.10210184384466728
80.0 1.802 0.10149535094259768
81.0 1.7984090909090902 0.10078222006589452
82.0 1.792204545454545 0.10019983661132281
83.0 1.7913181818181811 0.10006870929822488
84.0 1.7915909090909086 0.09985560470742723
85.0 1.7909772727272721 0.09980376771356116
86.0 1.7868863636363634 0.09947252510829291
87.0 1.779840909090909 0.09906348240925009
88.0 1.7762045454545456 0.09901229174725988
89.0 1.7791590909090913 0.09926931198897165
90.0 1.7764545454545457 0.09908807745988164
91.0 1.7747727272727278 0.09911281803559388
92.0 1.7740681818181818 0.09900556798326114
93.0 1.7729772727272728 0.0989336301566312
94.0 1.7737500000000002 0.09863468429522344
95.0 1.7695909090909094 0.09857239629088348
96.0 1.7718181818181824 0.09858183826664467
97.0 1.764113636363637 0.0975319998249461
98.0 1.7579772727272736 0.09694824629729826
99.0 1.7569318181818185 0.0967225851379713
100.0 1.7557500000000008 0.09666478564458399
101.0 1.7506363636363644 0.09652844147919246
