1.0 5.515409090909093 0.2141421936836746
2.0 5.467772727272726 0.2185745770788545
3.0 5.437840909090906 0.22062456288206447
4.0 5.463590909090911 0.25447719882487096
5.0 5.4038636363636465 0.2582312288676833
6.0 5.354363636363642 0.2589872965671831
7.0 5.321181818181822 0.26150127087114994
8.0 5.324409090909095 0.26608789218716195
9.0 5.3540909090909095 0.2746293396674267
10.0 5.351454545454545 0.27712378870808985
11.0 5.336931818181819 0.27898917350544244
12.0 5.266136363636364 0.27502652035427166
13.0 5.2361818181818185 0.27050155996269315
14.0 5.203295454545454 0.2721932505190643
15.0 5.175818181818182 0.2752309147701586
16.0 5.142409090909092 0.2761147418123318
17.0 5.068068181818179 0.2732168670705723
18.0 5.030499999999995 0.2717925939197788
19.0 5.001022727272722 0.27121154279007315
20.0 4.962499999999998 0.26885649278599005
21.0 4.894477272727271 0.26946879197438756
22.0 4.832431818181817 0.26730584397595664
23.0 4.7665909090909055 0.26481981306857083
24.0 4.749068181818176 0.2629694851031015
25.0 4.732136363636357 0.2634300742208644
26.0 4.701431818181812 0.2617076658623943
27.0 4.666022727272724 0.2620329064140812
28.0 4.654568181818179 0.262014855737289
29.0 4.607386363636364 0.25878127553826835
30.0 4.5876363636363635 0.2582336709754628
31.0 4.537704545454546 0.2559356092513613
32.0 4.507659090909092 0.2559739891207205
33.0 4.492454545454544 0.2547099451805833
34.0 4.458795454545456 0.25436696687056415
35.0 4.466636363636367 0.2553329874384638
36.0 4.4527727272727295 0.2548179742115597
37.0 4.410636363636367 0.2515091472345118
38.0 4.35659090909091 0.2496086633219341
39.0 4.343977272727273 0.24781144252025367
40.0 4.332909090909091 0.24768134073818124
41.0 4.317227272727272 0.2479765024397225
42.0 4.293545454545454 0.24812605756663011
43.0 4.277249999999999 0.24753048912967768
44.0 4.26140909090909 0.2477150920930261
45.0 4.253136363636363 0.24915147061157616
46.0 4.219681818181818 0.2477551007273568
47.0 4.211613636363635 0.24747063807196554
48.0 4.20690909090909 0.2466871096447209
49.0 4.20531818181818 0.24692166672876417
50.0 4.203704545454545 0.2473316565790747
51.0 4.201136363636363 0.24710194916800765
52.0 4.191681818181818 0.24743967410621787
53.0 4.176363636363637 0.2477632105165944
54.0 4.142454545454546 0.24561433704282887
55.0 4.138227272727274 0.24575501081359014
56.0 4.112954545454546 0.2440877132867068
57.0 4.094977272727275 0.24265057069579843
58.0 4.08736363636364 0.24236531092784724
59.0 4.079090909090913 0.24213551567468514
60.0 4.0625454545454565 0.24219701171899796
61.0 4.0551363636363655 0.24174431043627945
62.0 4.034045454545457 0.24194499184778212
63.0 4.038022727272729 0.24198621151447886
64.0 4.024227272727274 0.24215161747446937
65.0 4.009772727272729 0.24258296180713823
66.0 4.005000000000001 0.24356559229289007
67.0 3.9923636363636374 0.24301225656993
68.0 3.990431818181819 0.24274037564660528
69.0 3.98809090909091 0.24281125595214587
70.0 3.9864545454545453 0.24300827419770352
71.0 3.978204545454545 0.2432873161550834
72.0 3.972568181818182 0.24339201240127184
73.0 3.971386363636364 0.2449509479316348
74.0 3.974136363636364 0.2453722240963236
75.0 3.9678863636363633 0.24512465428976352
76.0 3.965340909090909 0.24529359060690992
77.0 3.951931818181817 0.24493067344207123
78.0 3.9382045454545453 0.24397384192066643
79.0 3.934590909090909 0.24421985426865667
80.0 3.9287499999999995 0.24397444547199876
81.0 3.934795454545454 0.24601478745156122
82.0 3.9312272727272726 0.2459308949358051
83.0 3.92825 0.2458241358748044
84.0 3.9291818181818177 0.24596415518999007
85.0 3.9307727272727258 0.2466938695422514
86.0 3.9273409090909084 0.24662944521141045
87.0 3.92315909090909 0.24676445988651222
88.0 3.9250909090909074 0.24690886098498022
89.0 3.9215454545454524 0.24683724519268369
90.0 3.918159090909089 0.24663670316179653
91.0 3.9119999999999973 0.24662081421184173
92.0 3.9083181818181787 0.24613900403305108
93.0 3.901295454545452 0.24642786985590387
94.0 3.898409090909088 0.2466331160888016
95.0 3.897090909090906 0.24678267258478945
96.0 3.8918181818181794 0.2469256112501365
97.0 3.8885227272727243 0.24716507365064877
98.0 3.889681818181816 0.24705185654259762
99.0 3.886909090909089 0.2470392476577794
100.0 3.8847045454545435 0.24704085180385182
101.0 3.883181818181816 0.2471897602941494
