0.23 0.002273
0.28 0.004545
0.3 0.006818
0.31 0.009091
0.38 0.011364
0.4 0.013636
0.41 0.015909
0.48 0.018182
0.49 0.020455
0.52 0.022727
0.59 0.025
0.61 0.027273
0.62 0.029545
0.63 0.031818
0.63 0.034091
0.64 0.036364
0.64 0.038636
0.65 0.040909
0.67 0.043182
0.69 0.045455
0.73 0.047727
0.74 0.05
0.75 0.052273
0.76 0.054545
0.78 0.056818
0.78 0.059091
0.79 0.061364
0.8 0.063636
0.81 0.065909
0.84 0.068182
0.86 0.070455
0.87 0.072727
0.88 0.075
0.89 0.077273
0.89 0.079545
0.89 0.081818
0.9 0.084091
0.91 0.086364
0.92 0.088636
0.92 0.090909
0.92 0.093182
0.93 0.095455
0.95 0.097727
0.96 0.1
0.97 0.102273
0.97 0.104545
0.98 0.106818
0.99 0.109091
1.01 0.111364
1.02 0.113636
1.03 0.115909
1.04 0.118182
1.04 0.120455
1.05 0.122727
1.05 0.125
1.05 0.127273
1.06 0.129545
1.07 0.131818
1.09 0.134091
1.11 0.136364
1.13 0.138636
1.13 0.140909
1.13 0.143182
1.14 0.145455
1.18 0.147727
1.18 0.15
1.2 0.152273
1.21 0.154545
1.21 0.156818
1.22 0.159091
1.22 0.161364
1.23 0.163636
1.24 0.165909
1.26 0.168182
1.26 0.170455
1.27 0.172727
1.27 0.175
1.27 0.177273
1.28 0.179545
1.28 0.181818
1.29 0.184091
1.3 0.186364
1.3 0.188636
1.3 0.190909
1.3 0.193182
1.31 0.195455
1.31 0.197727
1.32 0.2
1.32 0.202273
1.32 0.204545
1.32 0.206818
1.34 0.209091
1.34 0.211364
1.35 0.213636
1.36 0.215909
1.37 0.218182
1.37 0.220455
1.37 0.222727
1.37 0.225
1.38 0.227273
1.38 0.229545
1.39 0.231818
1.4 0.234091
1.41 0.236364
1.41 0.238636
1.42 0.240909
1.42 0.243182
1.42 0.245455
1.43 0.247727
1.43 0.25
1.45 0.252273
1.46 0.254545
1.47 0.256818
1.47 0.259091
1.49 0.261364
1.49 0.263636
1.49 0.265909
1.5 0.268182
1.52 0.270455
1.52 0.272727
1.52 0.275
1.53 0.277273
1.53 0.279545
1.53 0.281818
1.53 0.284091
1.53 0.286364
1.56 0.288636
1.56 0.290909
1.57 0.293182
1.57 0.295455
1.58 0.297727
1.58 0.3
1.58 0.302273
1.6 0.304545
1.6 0.306818
1.61 0.309091
1.61 0.311364
1.62 0.313636
1.62 0.315909
1.63 0.318182
1.63 0.320455
1.65 0.322727
1.65 0.325
1.65 0.327273
1.66 0.329545
1.67 0.331818
1.67 0.334091
1.67 0.336364
1.68 0.338636
1.69 0.340909
1.69 0.343182
1.7 0.345455
1.71 0.347727
1.71 0.35
1.72 0.352273
1.73 0.354545
1.74 0.356818
1.76 0.359091
1.76 0.361364
1.77 0.363636
1.78 0.365909
1.78 0.368182
1.79 0.370455
1.8 0.372727
1.8 0.375
1.82 0.377273
1.82 0.379545
1.82 0.381818
1.83 0.384091
1.83 0.386364
1.83 0.388636
1.83 0.390909
1.83 0.393182
1.83 0.395455
1.84 0.397727
1.84 0.4
1.86 0.402273
1.88 0.404545
1.88 0.406818
1.89 0.409091
1.89 0.411364
1.91 0.413636
1.91 0.415909
1.92 0.418182
1.92 0.420455
1.92 0.422727
1.92 0.425
1.93 0.427273
1.93 0.429545
1.93 0.431818
1.94 0.434091
1.94 0.436364
1.95 0.438636
1.95 0.440909
1.96 0.443182
1.96 0.445455
1.96 0.447727
1.97 0.45
1.98 0.452273
2.02 0.454545
2.03 0.456818
2.03 0.459091
2.05 0.461364
2.05 0.463636
2.05 0.465909
2.07 0.468182
2.07 0.470455
2.08 0.472727
2.09 0.475
2.09 0.477273
2.09 0.479545
2.09 0.481818
2.1 0.484091
2.14 0.486364
2.16 0.488636
2.18 0.490909
2.18 0.493182
2.19 0.495455
2.19 0.497727
2.2 0.5
2.2 0.502273
2.2 0.504545
2.2 0.506818
2.21 0.509091
2.21 0.511364
2.22 0.513636
2.23 0.515909
2.24 0.518182
2.25 0.520455
2.25 0.522727
2.26 0.525
2.28 0.527273
2.28 0.529545
2.3 0.531818
2.31 0.534091
2.32 0.536364
2.33 0.538636
2.33 0.540909
2.34 0.543182
2.34 0.545455
2.35 0.547727
2.35 0.55
2.36 0.552273
2.37 0.554545
2.38 0.556818
2.39 0.559091
2.39 0.561364
2.39 0.563636
2.4 0.565909
2.41 0.568182
2.42 0.570455
2.43 0.572727
2.43 0.575
2.43 0.577273
2.44 0.579545
2.45 0.581818
2.47 0.584091
2.48 0.586364
2.48 0.588636
2.49 0.590909
2.49 0.593182
2.49 0.595455
2.49 0.597727
2.5 0.6
2.5 0.602273
2.51 0.604545
2.51 0.606818
2.52 0.609091
2.54 0.611364
2.58 0.613636
2.63 0.615909
2.64 0.618182
2.65 0.620455
2.67 0.622727
2.68 0.625
2.68 0.627273
2.7 0.629545
2.7 0.631818
2.71 0.634091
2.71 0.636364
2.72 0.638636
2.73 0.640909
2.73 0.643182
2.73 0.645455
2.73 0.647727
2.74 0.65
2.74 0.652273
2.75 0.654545
2.75 0.656818
2.75 0.659091
2.76 0.661364
2.76 0.663636
2.76 0.665909
2.78 0.668182
2.78 0.670455
2.78 0.672727
2.79 0.675
2.8 0.677273
2.81 0.679545
2.81 0.681818
2.82 0.684091
2.82 0.686364
2.82 0.688636
2.83 0.690909
2.83 0.693182
2.85 0.695455
2.85 0.697727
2.86 0.7
2.87 0.702273
2.88 0.704545
2.9 0.706818
2.91 0.709091
2.91 0.711364
2.91 0.713636
2.94 0.715909
2.94 0.718182
2.94 0.720455
2.95 0.722727
2.98 0.725
2.99 0.727273
2.99 0.729545
3.0 0.731818
3.0 0.734091
3.03 0.736364
3.05 0.738636
3.06 0.740909
3.08 0.743182
3.1 0.745455
3.12 0.747727
3.14 0.75
3.19 0.752273
3.19 0.754545
3.2 0.756818
3.2 0.759091
3.25 0.761364
3.25 0.763636
3.26 0.765909
3.28 0.768182
3.28 0.770455
3.3 0.772727
3.3 0.775
3.33 0.777273
3.34 0.779545
3.36 0.781818
3.36 0.784091
3.37 0.786364
3.37 0.788636
3.38 0.790909
3.39 0.793182
3.39 0.795455
3.4 0.797727
3.41 0.8
3.48 0.802273
3.48 0.804545
3.5 0.806818
3.52 0.809091
3.54 0.811364
3.54 0.813636
3.55 0.815909
3.55 0.818182
3.55 0.820455
3.56 0.822727
3.64 0.825
3.65 0.827273
3.65 0.829545
3.68 0.831818
3.68 0.834091
3.68 0.836364
3.69 0.838636
3.7 0.840909
3.71 0.843182
3.72 0.845455
3.73 0.847727
3.73 0.85
3.74 0.852273
3.75 0.854545
3.77 0.856818
3.79 0.859091
3.81 0.861364
3.83 0.863636
3.86 0.865909
3.93 0.868182
3.94 0.870455
3.96 0.872727
3.99 0.875
4.0 0.877273
4.01 0.879545
4.02 0.881818
4.02 0.884091
4.03 0.886364
4.06 0.888636
4.07 0.890909
4.14 0.893182
4.16 0.895455
4.18 0.897727
4.18 0.9
4.22 0.902273
4.23 0.904545
4.23 0.906818
4.24 0.909091
4.26 0.911364
4.28 0.913636
4.3 0.915909
4.32 0.918182
4.36 0.920455
4.36 0.922727
4.37 0.925
4.44 0.927273
4.46 0.929545
4.48 0.931818
4.6 0.934091
4.61 0.936364
4.66 0.938636
4.7 0.940909
4.7 0.943182
4.74 0.945455
4.76 0.947727
4.8 0.95
4.86 0.952273
4.87 0.954545
4.91 0.956818
4.93 0.959091
4.94 0.961364
4.97 0.963636
5.05 0.965909
5.12 0.968182
5.16 0.970455
5.16 0.972727
5.28 0.975
5.33 0.977273
5.53 0.979545
5.58 0.981818
5.62 0.984091
5.81 0.986364
5.87 0.988636
5.95 0.990909
6.01 0.993182
6.4 0.995455
7.05 0.997727
7.08 1.0
