0.09 0.002273
0.11 0.004545
0.12 0.006818
0.12 0.009091
0.13 0.011364
0.13 0.013636
0.14 0.015909
0.14 0.018182
0.14 0.020455
0.14 0.022727
0.15 0.025
0.15 0.027273
0.16 0.029545
0.17 0.031818
0.19 0.034091
0.22 0.036364
0.22 0.038636
0.25 0.040909
0.25 0.043182
0.25 0.045455
0.27 0.047727
0.28 0.05
0.28 0.052273
0.3 0.054545
0.3 0.056818
0.3 0.059091
0.3 0.061364
0.31 0.063636
0.32 0.065909
0.35 0.068182
0.35 0.070455
0.35 0.072727
0.36 0.075
0.37 0.077273
0.38 0.079545
0.38 0.081818
0.38 0.084091
0.38 0.086364
0.38 0.088636
0.38 0.090909
0.38 0.093182
0.38 0.095455
0.39 0.097727
0.4 0.1
0.4 0.102273
0.42 0.104545
0.43 0.106818
0.43 0.109091
0.43 0.111364
0.43 0.113636
0.43 0.115909
0.43 0.118182
0.44 0.120455
0.44 0.122727
0.45 0.125
0.46 0.127273
0.46 0.129545
0.46 0.131818
0.47 0.134091
0.47 0.136364
0.47 0.138636
0.48 0.140909
0.48 0.143182
0.49 0.145455
0.49 0.147727
0.49 0.15
0.49 0.152273
0.49 0.154545
0.5 0.156818
0.5 0.159091
0.51 0.161364
0.51 0.163636
0.51 0.165909
0.52 0.168182
0.53 0.170455
0.54 0.172727
0.54 0.175
0.54 0.177273
0.55 0.179545
0.55 0.181818
0.55 0.184091
0.56 0.186364
0.57 0.188636
0.57 0.190909
0.57 0.193182
0.59 0.195455
0.59 0.197727
0.59 0.2
0.59 0.202273
0.59 0.204545
0.6 0.206818
0.6 0.209091
0.61 0.211364
0.61 0.213636
0.61 0.215909
0.62 0.218182
0.62 0.220455
0.63 0.222727
0.63 0.225
0.63 0.227273
0.63 0.229545
0.64 0.231818
0.64 0.234091
0.65 0.236364
0.66 0.238636
0.66 0.240909
0.66 0.243182
0.67 0.245455
0.67 0.247727
0.68 0.25
0.68 0.252273
0.69 0.254545
0.69 0.256818
0.69 0.259091
0.7 0.261364
0.7 0.263636
0.7 0.265909
0.7 0.268182
0.71 0.270455
0.71 0.272727
0.71 0.275
0.72 0.277273
0.72 0.279545
0.73 0.281818
0.73 0.284091
0.73 0.286364
0.73 0.288636
0.75 0.290909
0.75 0.293182
0.75 0.295455
0.77 0.297727
0.77 0.3
0.78 0.302273
0.78 0.304545
0.78 0.306818
0.78 0.309091
0.78 0.311364
0.79 0.313636
0.79 0.315909
0.79 0.318182
0.8 0.320455
0.81 0.322727
0.82 0.325
0.82 0.327273
0.82 0.329545
0.82 0.331818
0.83 0.334091
0.83 0.336364
0.83 0.338636
0.85 0.340909
0.85 0.343182
0.86 0.345455
0.86 0.347727
0.86 0.35
0.86 0.352273
0.86 0.354545
0.86 0.356818
0.86 0.359091
0.87 0.361364
0.87 0.363636
0.87 0.365909
0.87 0.368182
0.87 0.370455
0.87 0.372727
0.88 0.375
0.88 0.377273
0.89 0.379545
0.89 0.381818
0.9 0.384091
0.9 0.386364
0.91 0.388636
0.92 0.390909
0.92 0.393182
0.93 0.395455
0.93 0.397727
0.93 0.4
0.94 0.402273
0.95 0.404545
0.95 0.406818
0.95 0.409091
0.95 0.411364
0.96 0.413636
0.96 0.415909
0.96 0.418182
0.97 0.420455
0.97 0.422727
0.97 0.425
0.97 0.427273
0.98 0.429545
0.98 0.431818
0.99 0.434091
1.0 0.436364
1.02 0.438636
1.02 0.440909
1.03 0.443182
1.03 0.445455
1.03 0.447727
1.03 0.45
1.04 0.452273
1.04 0.454545
1.05 0.456818
1.05 0.459091
1.06 0.461364
1.07 0.463636
1.07 0.465909
1.07 0.468182
1.08 0.470455
1.08 0.472727
1.09 0.475
1.09 0.477273
1.1 0.479545
1.1 0.481818
1.1 0.484091
1.1 0.486364
1.11 0.488636
1.11 0.490909
1.11 0.493182
1.11 0.495455
1.11 0.497727
1.12 0.5
1.12 0.502273
1.13 0.504545
1.13 0.506818
1.14 0.509091
1.14 0.511364
1.15 0.513636
1.15 0.515909
1.15 0.518182
1.15 0.520455
1.17 0.522727
1.17 0.525
1.17 0.527273
1.18 0.529545
1.18 0.531818
1.18 0.534091
1.19 0.536364
1.19 0.538636
1.2 0.540909
1.2 0.543182
1.21 0.545455
1.21 0.547727
1.22 0.55
1.22 0.552273
1.22 0.554545
1.23 0.556818
1.23 0.559091
1.23 0.561364
1.24 0.563636
1.25 0.565909
1.25 0.568182
1.25 0.570455
1.25 0.572727
1.25 0.575
1.25 0.577273
1.27 0.579545
1.27 0.581818
1.27 0.584091
1.27 0.586364
1.28 0.588636
1.28 0.590909
1.28 0.593182
1.28 0.595455
1.28 0.597727
1.29 0.6
1.29 0.602273
1.29 0.604545
1.3 0.606818
1.31 0.609091
1.31 0.611364
1.32 0.613636
1.32 0.615909
1.32 0.618182
1.32 0.620455
1.32 0.622727
1.32 0.625
1.33 0.627273
1.33 0.629545
1.33 0.631818
1.34 0.634091
1.35 0.636364
1.35 0.638636
1.35 0.640909
1.35 0.643182
1.36 0.645455
1.36 0.647727
1.37 0.65
1.38 0.652273
1.38 0.654545
1.39 0.656818
1.39 0.659091
1.4 0.661364
1.41 0.663636
1.41 0.665909
1.42 0.668182
1.43 0.670455
1.43 0.672727
1.43 0.675
1.44 0.677273
1.44 0.679545
1.45 0.681818
1.45 0.684091
1.46 0.686364
1.46 0.688636
1.46 0.690909
1.46 0.693182
1.46 0.695455
1.47 0.697727
1.48 0.7
1.49 0.702273
1.49 0.704545
1.5 0.706818
1.52 0.709091
1.52 0.711364
1.52 0.713636
1.54 0.715909
1.54 0.718182
1.54 0.720455
1.55 0.722727
1.56 0.725
1.56 0.727273
1.56 0.729545
1.57 0.731818
1.57 0.734091
1.57 0.736364
1.59 0.738636
1.6 0.740909
1.61 0.743182
1.61 0.745455
1.61 0.747727
1.61 0.75
1.62 0.752273
1.62 0.754545
1.63 0.756818
1.64 0.759091
1.64 0.761364
1.65 0.763636
1.66 0.765909
1.68 0.768182
1.7 0.770455
1.71 0.772727
1.73 0.775
1.74 0.777273
1.74 0.779545
1.75 0.781818
1.75 0.784091
1.76 0.786364
1.77 0.788636
1.77 0.790909
1.78 0.793182
1.78 0.795455
1.79 0.797727
1.79 0.8
1.79 0.802273
1.79 0.804545
1.8 0.806818
1.81 0.809091
1.85 0.811364
1.85 0.813636
1.85 0.815909
1.86 0.818182
1.87 0.820455
1.88 0.822727
1.88 0.825
1.89 0.827273
1.9 0.829545
1.94 0.831818
1.96 0.834091
1.98 0.836364
1.99 0.838636
1.99 0.840909
2.0 0.843182
2.04 0.845455
2.05 0.847727
2.06 0.85
2.06 0.852273
2.07 0.854545
2.08 0.856818
2.09 0.859091
2.09 0.861364
2.09 0.863636
2.09 0.865909
2.1 0.868182
2.11 0.870455
2.11 0.872727
2.12 0.875
2.12 0.877273
2.16 0.879545
2.17 0.881818
2.19 0.884091
2.22 0.886364
2.24 0.888636
2.25 0.890909
2.26 0.893182
2.28 0.895455
2.28 0.897727
2.29 0.9
2.3 0.902273
2.31 0.904545
2.32 0.906818
2.32 0.909091
2.34 0.911364
2.35 0.913636
2.41 0.915909
2.45 0.918182
2.46 0.920455
2.46 0.922727
2.49 0.925
2.5 0.927273
2.5 0.929545
2.52 0.931818
2.54 0.934091
2.54 0.936364
2.54 0.938636
2.55 0.940909
2.58 0.943182
2.59 0.945455
2.59 0.947727
2.61 0.95
2.61 0.952273
2.72 0.954545
2.72 0.956818
2.73 0.959091
2.79 0.961364
2.83 0.963636
2.86 0.965909
2.89 0.968182
2.9 0.970455
3.01 0.972727
3.04 0.975
3.18 0.977273
3.29 0.979545
3.51 0.981818
3.52 0.984091
3.59 0.986364
3.65 0.988636
3.67 0.990909
4.16 0.993182
4.42 0.995455
4.7 0.997727
6.33 1.0
