0.04 0.01
0.04 0.02
0.07 0.03
0.07 0.04
0.26 0.05
0.35 0.06
0.36 0.07
0.38 0.08
0.42 0.09
0.42 0.1
0.43 0.11
0.44 0.12
0.46 0.13
0.46 0.14
0.48 0.15
0.49 0.16
0.5 0.17
0.54 0.18
0.54 0.19
0.55 0.2
0.65 0.21
0.67 0.22
0.68 0.23
0.69 0.24
0.73 0.25
0.74 0.26
0.75 0.27
0.77 0.28
0.78 0.29
0.81 0.3
0.86 0.31
0.86 0.32
0.89 0.33
0.96 0.34
0.97 0.35
0.97 0.36
0.98 0.37
0.99 0.38
1.0 0.39
1.03 0.4
1.07 0.41
1.07 0.42
1.07 0.43
1.07 0.44
1.08 0.45
1.08 0.46
1.09 0.47
1.1 0.48
1.1 0.49
1.11 0.5
1.12 0.51
1.12 0.52
1.12 0.53
1.13 0.54
1.14 0.55
1.15 0.56
1.15 0.57
1.16 0.58
1.18 0.59
1.2 0.6
1.21 0.61
1.21 0.62
1.22 0.63
1.23 0.64
1.23 0.65
1.26 0.66
1.26 0.67
1.27 0.68
1.27 0.69
1.28 0.7
1.29 0.71
1.3 0.72
1.31 0.73
1.31 0.74
1.31 0.75
1.32 0.76
1.32 0.77
1.33 0.78
1.35 0.79
1.35 0.8
1.35 0.81
1.36 0.82
1.4 0.83
1.42 0.84
1.43 0.85
1.47 0.86
1.48 0.87
1.6 0.88
1.62 0.89
1.73 0.9
1.75 0.91
1.75 0.92
1.85 0.93
1.86 0.94
1.93 0.95
1.93 0.96
2.08 0.97
2.35 0.98
2.4 0.99
2.71 1.0
