0.13 0.002273
0.14 0.004545
0.17 0.006818
0.22 0.009091
0.23 0.011364
0.26 0.013636
0.26 0.015909
0.26 0.018182
0.29 0.020455
0.31 0.022727
0.31 0.025
0.32 0.027273
0.34 0.029545
0.36 0.031818
0.37 0.034091
0.37 0.036364
0.41 0.038636
0.42 0.040909
0.45 0.043182
0.49 0.045455
0.5 0.047727
0.53 0.05
0.55 0.052273
0.56 0.054545
0.56 0.056818
0.57 0.059091
0.6 0.061364
0.6 0.063636
0.6 0.065909
0.61 0.068182
0.65 0.070455
0.67 0.072727
0.67 0.075
0.68 0.077273
0.68 0.079545
0.69 0.081818
0.7 0.084091
0.7 0.086364
0.7 0.088636
0.71 0.090909
0.72 0.093182
0.76 0.095455
0.77 0.097727
0.77 0.1
0.77 0.102273
0.77 0.104545
0.79 0.106818
0.79 0.109091
0.8 0.111364
0.8 0.113636
0.81 0.115909
0.81 0.118182
0.82 0.120455
0.84 0.122727
0.85 0.125
0.85 0.127273
0.86 0.129545
0.91 0.131818
0.92 0.134091
0.92 0.136364
0.93 0.138636
0.94 0.140909
0.94 0.143182
0.95 0.145455
0.95 0.147727
0.96 0.15
0.96 0.152273
0.97 0.154545
0.97 0.156818
0.98 0.159091
0.98 0.161364
0.99 0.163636
1.0 0.165909
1.0 0.168182
1.01 0.170455
1.01 0.172727
1.02 0.175
1.02 0.177273
1.03 0.179545
1.03 0.181818
1.04 0.184091
1.05 0.186364
1.05 0.188636
1.07 0.190909
1.1 0.193182
1.13 0.195455
1.13 0.197727
1.13 0.2
1.13 0.202273
1.14 0.204545
1.14 0.206818
1.15 0.209091
1.15 0.211364
1.16 0.213636
1.17 0.215909
1.17 0.218182
1.18 0.220455
1.19 0.222727
1.19 0.225
1.21 0.227273
1.21 0.229545
1.23 0.231818
1.24 0.234091
1.26 0.236364
1.26 0.238636
1.26 0.240909
1.28 0.243182
1.29 0.245455
1.31 0.247727
1.31 0.25
1.32 0.252273
1.32 0.254545
1.32 0.256818
1.32 0.259091
1.33 0.261364
1.34 0.263636
1.34 0.265909
1.34 0.268182
1.35 0.270455
1.35 0.272727
1.35 0.275
1.35 0.277273
1.35 0.279545
1.36 0.281818
1.36 0.284091
1.37 0.286364
1.37 0.288636
1.37 0.290909
1.38 0.293182
1.39 0.295455
1.4 0.297727
1.4 0.3
1.43 0.302273
1.45 0.304545
1.45 0.306818
1.45 0.309091
1.46 0.311364
1.48 0.313636
1.48 0.315909
1.48 0.318182
1.5 0.320455
1.5 0.322727
1.51 0.325
1.55 0.327273
1.55 0.329545
1.57 0.331818
1.58 0.334091
1.58 0.336364
1.59 0.338636
1.6 0.340909
1.61 0.343182
1.62 0.345455
1.63 0.347727
1.63 0.35
1.64 0.352273
1.64 0.354545
1.65 0.356818
1.66 0.359091
1.66 0.361364
1.66 0.363636
1.67 0.365909
1.68 0.368182
1.68 0.370455
1.7 0.372727
1.71 0.375
1.71 0.377273
1.71 0.379545
1.72 0.381818
1.72 0.384091
1.72 0.386364
1.72 0.388636
1.74 0.390909
1.74 0.393182
1.75 0.395455
1.75 0.397727
1.76 0.4
1.77 0.402273
1.77 0.404545
1.77 0.406818
1.79 0.409091
1.8 0.411364
1.83 0.413636
1.84 0.415909
1.84 0.418182
1.84 0.420455
1.85 0.422727
1.85 0.425
1.85 0.427273
1.86 0.429545
1.86 0.431818
1.86 0.434091
1.87 0.436364
1.87 0.438636
1.87 0.440909
1.88 0.443182
1.9 0.445455
1.91 0.447727
1.91 0.45
1.91 0.452273
1.91 0.454545
1.92 0.456818
1.93 0.459091
1.93 0.461364
1.93 0.463636
1.94 0.465909
1.95 0.468182
1.96 0.470455
1.96 0.472727
1.98 0.475
1.99 0.477273
1.99 0.479545
1.99 0.481818
2.02 0.484091
2.03 0.486364
2.03 0.488636
2.03 0.490909
2.03 0.493182
2.04 0.495455
2.06 0.497727
2.07 0.5
2.08 0.502273
2.08 0.504545
2.08 0.506818
2.09 0.509091
2.09 0.511364
2.1 0.513636
2.12 0.515909
2.12 0.518182
2.12 0.520455
2.12 0.522727
2.13 0.525
2.13 0.527273
2.17 0.529545
2.18 0.531818
2.19 0.534091
2.2 0.536364
2.22 0.538636
2.24 0.540909
2.24 0.543182
2.24 0.545455
2.29 0.547727
2.3 0.55
2.3 0.552273
2.32 0.554545
2.33 0.556818
2.33 0.559091
2.34 0.561364
2.35 0.563636
2.36 0.565909
2.36 0.568182
2.39 0.570455
2.39 0.572727
2.39 0.575
2.4 0.577273
2.41 0.579545
2.41 0.581818
2.42 0.584091
2.43 0.586364
2.46 0.588636
2.47 0.590909
2.47 0.593182
2.48 0.595455
2.5 0.597727
2.5 0.6
2.51 0.602273
2.56 0.604545
2.61 0.606818
2.63 0.609091
2.63 0.611364
2.64 0.613636
2.69 0.615909
2.7 0.618182
2.7 0.620455
2.71 0.622727
2.72 0.625
2.72 0.627273
2.72 0.629545
2.74 0.631818
2.74 0.634091
2.74 0.636364
2.76 0.638636
2.78 0.640909
2.79 0.643182
2.81 0.645455
2.81 0.647727
2.82 0.65
2.84 0.652273
2.86 0.654545
2.87 0.656818
2.87 0.659091
2.91 0.661364
2.92 0.663636
2.94 0.665909
2.96 0.668182
2.97 0.670455
2.98 0.672727
2.99 0.675
2.99 0.677273
3.01 0.679545
3.04 0.681818
3.09 0.684091
3.11 0.686364
3.11 0.688636
3.12 0.690909
3.12 0.693182
3.14 0.695455
3.14 0.697727
3.15 0.7
3.18 0.702273
3.19 0.704545
3.21 0.706818
3.21 0.709091
3.22 0.711364
3.23 0.713636
3.23 0.715909
3.25 0.718182
3.27 0.720455
3.3 0.722727
3.32 0.725
3.32 0.727273
3.34 0.729545
3.34 0.731818
3.35 0.734091
3.38 0.736364
3.39 0.738636
3.4 0.740909
3.41 0.743182
3.43 0.745455
3.45 0.747727
3.46 0.75
3.46 0.752273
3.46 0.754545
3.47 0.756818
3.48 0.759091
3.56 0.761364
3.58 0.763636
3.59 0.765909
3.61 0.768182
3.61 0.770455
3.64 0.772727
3.64 0.775
3.71 0.777273
3.76 0.779545
3.77 0.781818
3.8 0.784091
3.83 0.786364
3.85 0.788636
3.85 0.790909
3.86 0.793182
3.86 0.795455
3.92 0.797727
3.95 0.8
3.95 0.802273
3.99 0.804545
4.0 0.806818
4.03 0.809091
4.05 0.811364
4.05 0.813636
4.06 0.815909
4.1 0.818182
4.16 0.820455
4.28 0.822727
4.29 0.825
4.31 0.827273
4.31 0.829545
4.39 0.831818
4.44 0.834091
4.46 0.836364
4.5 0.838636
4.51 0.840909
4.51 0.843182
4.58 0.845455
4.7 0.847727
4.81 0.85
4.82 0.852273
4.82 0.854545
4.83 0.856818
4.94 0.859091
5.05 0.861364
5.08 0.863636
5.09 0.865909
5.12 0.868182
5.13 0.870455
5.14 0.872727
5.21 0.875
5.21 0.877273
5.24 0.879545
5.25 0.881818
5.3 0.884091
5.35 0.886364
5.38 0.888636
5.43 0.890909
5.43 0.893182
5.45 0.895455
5.59 0.897727
5.61 0.9
5.62 0.902273
5.65 0.904545
5.69 0.906818
5.72 0.909091
5.76 0.911364
5.78 0.913636
5.81 0.915909
5.81 0.918182
5.86 0.920455
5.9 0.922727
5.95 0.925
5.95 0.927273
5.99 0.929545
6.09 0.931818
6.12 0.934091
6.19 0.936364
6.26 0.938636
6.27 0.940909
6.38 0.943182
6.39 0.945455
6.42 0.947727
6.47 0.95
6.47 0.952273
6.5 0.954545
6.51 0.956818
6.55 0.959091
6.57 0.961364
6.69 0.963636
6.87 0.965909
6.98 0.968182
7.15 0.970455
7.17 0.972727
7.21 0.975
7.21 0.977273
7.87 0.979545
8.17 0.981818
8.51 0.984091
8.63 0.986364
8.64 0.988636
9.12 0.990909
9.34 0.993182
9.36 0.995455
10.48 0.997727
14.12 1.0
