0.39 0.01
0.53 0.02
0.59 0.03
0.69 0.04
0.77 0.05
0.77 0.06
0.78 0.07
0.79 0.08
0.8 0.09
0.82 0.1
0.82 0.11
0.86 0.12
0.9 0.13
0.91 0.14
0.98 0.15
1.01 0.16
1.04 0.17
1.08 0.18
1.09 0.19
1.1 0.2
1.1 0.21
1.14 0.22
1.15 0.23
1.15 0.24
1.16 0.25
1.16 0.26
1.19 0.27
1.19 0.28
1.2 0.29
1.21 0.3
1.23 0.31
1.27 0.32
1.29 0.33
1.29 0.34
1.3 0.35
1.3 0.36
1.3 0.37
1.31 0.38
1.31 0.39
1.32 0.4
1.32 0.41
1.32 0.42
1.36 0.43
1.37 0.44
1.41 0.45
1.41 0.46
1.43 0.47
1.43 0.48
1.45 0.49
1.46 0.5
1.49 0.51
1.51 0.52
1.55 0.53
1.56 0.54
1.56 0.55
1.57 0.56
1.57 0.57
1.58 0.58
1.68 0.59
1.7 0.6
1.7 0.61
1.7 0.62
1.72 0.63
1.73 0.64
1.74 0.65
1.75 0.66
1.75 0.67
1.77 0.68
1.79 0.69
1.81 0.7
1.85 0.71
1.91 0.72
1.92 0.73
1.96 0.74
1.99 0.75
2.01 0.76
2.02 0.77
2.02 0.78
2.03 0.79
2.05 0.8
2.05 0.81
2.06 0.82
2.06 0.83
2.08 0.84
2.08 0.85
2.08 0.86
2.09 0.87
2.1 0.88
2.29 0.89
2.35 0.9
2.47 0.91
2.54 0.92
2.65 0.93
2.7 0.94
2.9 0.95
3.08 0.96
3.15 0.97
3.52 0.98
3.53 0.99
4.08 1.0
