0.76 0.01
0.8 0.02
0.81 0.03
0.81 0.04
0.91 0.05
0.93 0.06
0.94 0.07
0.97 0.08
0.98 0.09
1.0 0.1
1.02 0.11
1.03 0.12
1.03 0.13
1.05 0.14
1.05 0.15
1.06 0.16
1.06 0.17
1.1 0.18
1.1 0.19
1.11 0.2
1.11 0.21
1.11 0.22
1.14 0.23
1.15 0.24
1.16 0.25
1.18 0.26
1.19 0.27
1.2 0.28
1.21 0.29
1.22 0.3
1.22 0.31
1.22 0.32
1.22 0.33
1.24 0.34
1.24 0.35
1.28 0.36
1.29 0.37
1.34 0.38
1.35 0.39
1.36 0.4
1.37 0.41
1.37 0.42
1.38 0.43
1.38 0.44
1.39 0.45
1.4 0.46
1.44 0.47
1.44 0.48
1.45 0.49
1.45 0.5
1.46 0.51
1.47 0.52
1.49 0.53
1.5 0.54
1.5 0.55
1.52 0.56
1.54 0.57
1.54 0.58
1.55 0.59
1.56 0.6
1.57 0.61
1.6 0.62
1.61 0.63
1.63 0.64
1.65 0.65
1.66 0.66
1.67 0.67
1.68 0.68
1.68 0.69
1.69 0.7
1.7 0.71
1.73 0.72
1.75 0.73
1.76 0.74
1.76 0.75
1.78 0.76
1.81 0.77
1.81 0.78
1.82 0.79
1.82 0.8
1.83 0.81
1.84 0.82
1.87 0.83
1.89 0.84
1.91 0.85
1.92 0.86
1.93 0.87
1.95 0.88
1.96 0.89
1.97 0.9
1.97 0.91
1.98 0.92
2.0 0.93
2.01 0.94
2.01 0.95
2.02 0.96
2.02 0.97
2.14 0.98
2.18 0.99
2.23 1.0
